# microns transmission
    21.40400  0.00000e+00
    21.44717  2.00000e-04
    21.49033  3.00000e-04
    21.53350  4.00000e-04
    21.57666  4.00000e-04
    21.61983  4.00000e-04
    21.66299  3.00000e-04
    21.70616  3.00000e-04
    21.74933  3.00000e-04
    21.79249  3.00000e-04
    21.83566  4.33156e-04
    21.87882  6.00000e-04
    21.92199  8.00000e-04
    21.96516  1.00000e-03
    22.00832  1.20000e-03
    22.05149  1.40000e-03
    22.09465  1.50000e-03
    22.13782  1.50000e-03
    22.18098  1.58307e-03
    22.22415  1.60000e-03
    22.26732  1.77195e-03
    22.31048  2.02469e-03
    22.35365  2.50000e-03
    22.39681  3.11357e-03
    22.43998  3.94966e-03
    22.48314  4.80484e-03
    22.52631  5.73854e-03
    22.56948  6.69133e-03
    22.61264  7.72740e-03
    22.65581  8.96031e-03
    22.69897  1.05487e-02
    22.74214  1.27759e-02
    22.78531  1.55204e-02
    22.82847  1.88893e-02
    22.87164  2.27698e-02
    22.91480  2.74805e-02
    22.95797  3.27627e-02
    23.00114  3.90206e-02
    23.04430  4.61886e-02
    23.08747  5.48179e-02
    23.13063  6.47477e-02
    23.17380  7.63125e-02
    23.21696  8.87398e-02
    23.26013  1.02239e-01
    23.30330  1.15789e-01
    23.34646  1.29796e-01
    23.38963  1.43416e-01
    23.43279  1.56866e-01
    23.47596  1.69272e-01
    23.51912  1.81038e-01
    23.56229  1.91663e-01
    23.60546  2.00692e-01
    23.64862  2.08043e-01
    23.69179  2.13950e-01
    23.73495  2.18695e-01
    23.77812  2.22390e-01
    23.82129  2.25314e-01
    23.86445  2.27627e-01
    23.90762  2.29421e-01
    23.95078  2.30696e-01
    23.99395  2.31798e-01
    24.03712  2.31415e-01
    24.08028  2.30662e-01
    24.12345  2.29926e-01
    24.16661  2.29073e-01
    24.20978  2.28137e-01
    24.25294  2.27084e-01
    24.29611  2.26048e-01
    24.33928  2.24991e-01
    24.38244  2.23919e-01
    24.42561  2.22907e-01
    24.46877  2.21970e-01
    24.51194  2.21018e-01
    24.55511  2.20082e-01
    24.59827  2.19158e-01
    24.64144  2.18185e-01
    24.68460  2.17080e-01
    24.72777  2.15908e-01
    24.77094  2.14602e-01
    24.81410  2.13330e-01
    24.85727  2.11924e-01
    24.90043  2.10452e-01
    24.94360  2.08947e-01
    24.98676  2.07374e-01
    25.02993  2.05869e-01
    25.07310  2.04597e-01
    25.11626  2.03191e-01
    25.15943  2.01919e-01
    25.20259  2.00616e-01
    25.24576  1.99441e-01
    25.28893  1.98143e-01
    25.33209  1.96864e-01
    25.37526  1.95570e-01
    25.41842  1.94193e-01
    25.46159  1.92897e-01
    25.50475  1.91608e-01
    25.54792  1.89585e-01
    25.59109  1.87630e-01
    25.63425  1.85625e-01
    25.67742  1.83653e-01
    25.72058  1.81665e-01
    25.76375  1.79613e-01
    25.80691  1.77504e-01
    25.85008  1.75346e-01
    25.89325  1.73138e-01
    25.93641  1.70779e-01
    25.97958  1.68371e-01
    26.02274  1.65355e-01
    26.06591  1.61874e-01
    26.10908  1.58210e-01
    26.15224  1.54530e-01
    26.19541  1.50766e-01
    26.23857  1.47086e-01
    26.28174  1.43422e-01
    26.32491  1.39973e-01
    26.36807  1.36578e-01
    26.41124  1.33497e-01
    26.45440  1.30406e-01
    26.49757  1.27472e-01
    26.54074  1.25376e-01
    26.58390  1.23403e-01
    26.62707  1.21347e-01
    26.67023  1.19238e-01
    26.71340  1.16980e-01
    26.75656  1.14672e-01
    26.79973  1.12114e-01
    26.84289  1.09605e-01
    26.88606  1.07047e-01
    26.92923  1.04639e-01
    26.97239  1.02280e-01
    27.01556  1.00372e-01
    27.05873  9.88110e-02
    27.10189  9.75370e-02
    27.14506  9.62377e-02
    27.18822  9.50796e-02
    27.23139  9.38645e-02
    27.27455  9.26908e-02
    27.31772  9.14912e-02
    27.36088  9.03019e-02
    27.40405  8.90180e-02
    27.44722  8.76261e-02
    27.49038  8.63448e-02
    27.53355  8.39969e-02
    27.57671  8.15430e-02
    27.61988  7.90061e-02
    27.66304  7.64974e-02
    27.70621  7.40394e-02
    27.74938  7.16311e-02
    27.79254  6.91304e-02
    27.83571  6.67645e-02
    27.87888  6.42750e-02
    27.92204  6.18306e-02
    27.96521  5.93397e-02
    28.00837  5.70314e-02
    28.05154  5.52731e-02
    28.09470  5.34648e-02
    28.13787  5.17044e-02
    28.18103  4.98983e-02
    28.22420  4.80400e-02
    28.26737  4.62544e-02
    28.31053  4.44490e-02
    28.35370  4.26650e-02
    28.39686  4.07712e-02
    28.44003  3.88990e-02
    28.48320  3.70402e-02
    28.52636  3.61000e-02
    28.56953  3.56579e-02
    28.61269  3.52000e-02
    28.65586  3.47690e-02
    28.69902  3.43329e-02
    28.74219  3.38802e-02
    28.78536  3.34441e-02
    28.82852  3.29913e-02
    28.87169  3.25552e-02
    28.91486  3.21029e-02
    28.95802  3.16664e-02
    29.00119  3.12162e-02
    29.04435  2.99550e-02
    29.08752  2.86592e-02
    29.13068  2.73772e-02
    29.17385  2.60860e-02
    29.21702  2.47995e-02
    29.26018  2.34127e-02
    29.30335  2.20218e-02
    29.34651  2.06395e-02
    29.38968  1.92441e-02
    29.43284  1.78662e-02
    29.47601  1.64664e-02
    29.51917  1.52965e-02
    29.56234  1.44443e-02
    29.60551  1.36165e-02
    29.64868  1.28554e-02
    29.69184  1.21194e-02
    29.73501  1.13666e-02
    29.77817  1.06305e-02
    29.82134  9.97771e-03
    29.86450  9.24161e-03
    29.90767  8.58885e-03
    29.95083  7.95276e-03
    29.99400  0.00000e+00
