# microns transmission
     4.75300  0.00000e+00
     4.76276  1.00000e-04
     4.77253  1.00000e-04
     4.78229  1.00000e-04
     4.79206  1.00000e-04
     4.80182  1.46986e-04
     4.81158  2.11664e-04
     4.82135  3.00000e-04
     4.83111  4.51842e-04
     4.84087  6.52453e-04
     4.85064  1.08794e-03
     4.86040  1.57010e-03
     4.87017  2.29328e-03
     4.87993  3.09414e-03
     4.88969  3.80778e-03
     4.89946  4.48745e-03
     4.90922  5.01105e-03
     4.91898  5.49924e-03
     4.92875  6.13987e-03
     4.93851  6.85979e-03
     4.94828  8.07021e-03
     4.95804  9.64885e-03
     4.96780  1.23412e-02
     4.97757  1.53465e-02
     4.98733  2.12656e-02
     4.99710  2.84584e-02
     5.00686  4.04081e-02
     5.01662  5.58215e-02
     5.02639  8.03533e-02
     5.03615  1.08266e-01
     5.04591  1.43200e-01
     5.05568  1.81194e-01
     5.06544  2.10915e-01
     5.07521  2.36982e-01
     5.08497  2.51652e-01
     5.09473  2.56371e-01
     5.10450  2.57431e-01
     5.11426  2.53871e-01
     5.12402  2.50492e-01
     5.13379  2.47160e-01
     5.14355  2.45243e-01
     5.15332  2.45405e-01
     5.16308  2.47214e-01
     5.17284  2.51580e-01
     5.18261  2.56636e-01
     5.19237  2.64260e-01
     5.20214  2.70977e-01
     5.21190  2.76510e-01
     5.22166  2.81359e-01
     5.23143  2.81871e-01
     5.24119  2.81764e-01
     5.25095  2.76726e-01
     5.26072  2.71693e-01
     5.27048  2.65436e-01
     5.28025  2.58361e-01
     5.29001  2.52894e-01
     5.29977  2.47661e-01
     5.30954  2.43730e-01
     5.31930  2.40853e-01
     5.32907  2.40803e-01
     5.33883  2.41549e-01
     5.34859  2.44860e-01
     5.35836  2.48782e-01
     5.36812  2.53960e-01
     5.37788  2.58924e-01
     5.38765  2.65166e-01
     5.39741  2.72388e-01
     5.40718  2.79396e-01
     5.41694  2.86605e-01
     5.42670  2.90384e-01
     5.43647  2.91920e-01
     5.44623  2.92138e-01
     5.45600  2.91434e-01
     5.46576  2.88700e-01
     5.47552  2.84474e-01
     5.48529  2.78966e-01
     5.49505  2.73173e-01
     5.50481  2.68919e-01
     5.51458  2.66013e-01
     5.52434  2.64600e-01
     5.53411  2.64600e-01
     5.54387  2.66687e-01
     5.55363  2.71406e-01
     5.56340  2.77444e-01
     5.57316  2.86487e-01
     5.58292  2.94217e-01
     5.59269  3.00725e-01
     5.60245  3.07902e-01
     5.61222  3.14311e-01
     5.62198  3.20156e-01
     5.63174  3.24498e-01
     5.64151  3.27223e-01
     5.65127  3.24219e-01
     5.66104  3.20889e-01
     5.67080  3.17960e-01
     5.68056  3.15124e-01
     5.69033  3.12146e-01
     5.70009  3.10100e-01
     5.70985  3.10978e-01
     5.71962  3.12493e-01
     5.72938  3.13578e-01
     5.73915  3.14755e-01
     5.74891  3.18482e-01
     5.75867  3.22136e-01
     5.76844  3.25148e-01
     5.77820  3.28087e-01
     5.78796  3.29446e-01
     5.79773  3.30733e-01
     5.80749  3.34755e-01
     5.81726  3.39374e-01
     5.82702  3.39696e-01
     5.83678  3.37936e-01
     5.84655  3.37677e-01
     5.85631  3.38205e-01
     5.86608  3.39513e-01
     5.87584  3.41204e-01
     5.88560  3.39170e-01
     5.89537  3.34123e-01
     5.90513  3.29404e-01
     5.91489  3.24363e-01
     5.92466  3.21800e-01
     5.93442  3.21874e-01
     5.94419  3.19789e-01
     5.95395  3.14509e-01
     5.96371  3.12057e-01
     5.97348  3.13546e-01
     5.98324  3.15228e-01
     5.99301  3.16934e-01
     6.00277  3.19307e-01
     6.01253  3.22736e-01
     6.02230  3.26330e-01
     6.03206  3.30691e-01
     6.04182  3.34343e-01
     6.05159  3.35552e-01
     6.06135  3.35764e-01
     6.07112  3.33201e-01
     6.08088  3.30042e-01
     6.09064  3.22640e-01
     6.10041  3.15174e-01
     6.11017  3.06034e-01
     6.11993  2.94577e-01
     6.12970  2.75023e-01
     6.13946  2.54659e-01
     6.14923  2.28068e-01
     6.15899  2.02477e-01
     6.16875  1.76364e-01
     6.17852  1.47474e-01
     6.18828  1.24717e-01
     6.19805  1.03014e-01
     6.20781  8.51362e-02
     6.21757  7.08601e-02
     6.22734  6.05747e-02
     6.23710  5.08278e-02
     6.24686  4.44745e-02
     6.25663  3.92317e-02
     6.26639  3.47693e-02
     6.27616  3.15147e-02
     6.28592  2.88841e-02
     6.29568  2.64520e-02
     6.30545  2.44847e-02
     6.31521  2.25947e-02
     6.32498  2.05050e-02
     6.33474  1.85523e-02
     6.34450  1.64161e-02
     6.35427  1.39044e-02
     6.36403  1.17101e-02
     6.37379  9.74125e-03
     6.38356  7.86633e-03
     6.39332  6.49042e-03
     6.40309  5.24290e-03
     6.41285  4.31504e-03
     6.42261  3.52578e-03
     6.43238  2.87487e-03
     6.44214  2.32865e-03
     6.45190  2.00318e-03
     6.46167  1.67772e-03
     6.47143  1.45947e-03
     6.48120  1.29673e-03
     6.49096  1.20000e-03
     6.50072  1.10000e-03
     6.51049  1.00000e-03
     6.52025  9.29147e-04
     6.53001  9.00000e-04
     6.53978  8.00000e-04
     6.54954  8.00000e-04
     6.55931  8.00000e-04
     6.56907  7.82161e-04
     6.57883  7.00000e-04
     6.58860  7.00000e-04
     6.59836  7.00000e-04
     6.60813  6.14570e-04
     6.61789  5.35182e-04
     6.62765  5.00000e-04
     6.63742  4.09714e-04
     6.64718  3.30313e-04
     6.65694  3.00000e-04
     6.66671  2.04857e-04
     6.67647  1.25456e-04
     6.68624  1.00000e-04
     6.69600  0.00000e+00
