# microns transmission
    10.25100  0.00000e+00
    10.26094  1.00000e-04
    10.27088  1.00000e-04
    10.28082  1.00000e-04
    10.29076  1.00000e-04
    10.30070  1.00000e-04
    10.31064  1.00000e-04
    10.32058  1.00000e-04
    10.33052  2.00000e-04
    10.34046  2.00000e-04
    10.35040  2.00000e-04
    10.36034  2.00000e-04
    10.37028  2.00000e-04
    10.38022  2.00000e-04
    10.39016  3.00000e-04
    10.40009  3.00000e-04
    10.41004  3.00000e-04
    10.41998  3.00000e-04
    10.42991  3.81914e-04
    10.43985  4.00000e-04
    10.44979  4.00000e-04
    10.45973  4.00000e-04
    10.46967  4.73469e-04
    10.47961  5.00000e-04
    10.48955  6.00000e-04
    10.49949  6.00000e-04
    10.50943  7.00000e-04
    10.51937  8.00000e-04
    10.52931  9.05208e-04
    10.53925  1.00000e-03
    10.54919  1.13651e-03
    10.55913  1.21884e-03
    10.56907  1.38449e-03
    10.57901  1.60034e-03
    10.58895  1.83250e-03
    10.59889  2.09630e-03
    10.60883  2.32763e-03
    10.61877  2.69229e-03
    10.62871  3.03543e-03
    10.63865  3.45492e-03
    10.64859  3.97941e-03
    10.65853  4.50182e-03
    10.66847  5.16448e-03
    10.67841  5.96725e-03
    10.68835  6.83469e-03
    10.69829  7.74014e-03
    10.70823  9.00977e-03
    10.71817  1.02221e-02
    10.72811  1.16990e-02
    10.73805  1.34083e-02
    10.74798  1.52970e-02
    10.75793  1.73005e-02
    10.76786  1.98160e-02
    10.77780  2.23012e-02
    10.78774  2.54426e-02
    10.79768  2.86893e-02
    10.80762  3.24497e-02
    10.81756  3.67809e-02
    10.82750  4.17929e-02
    10.83744  4.69506e-02
    10.84738  5.35174e-02
    10.85732  6.00592e-02
    10.86726  6.77087e-02
    10.87720  7.64841e-02
    10.88714  8.58716e-02
    10.89708  9.56805e-02
    10.90702  1.07907e-01
    10.91696  1.19586e-01
    10.92690  1.32662e-01
    10.93684  1.47705e-01
    10.94678  1.62365e-01
    10.95672  1.77440e-01
    10.96666  1.94177e-01
    10.97660  2.09396e-01
    10.98654  2.24081e-01
    10.99648  2.39884e-01
    11.00642  2.53219e-01
    11.01636  2.65976e-01
    11.02630  2.78583e-01
    11.03624  2.89185e-01
    11.04618  2.98169e-01
    11.05612  3.06807e-01
    11.06606  3.13231e-01
    11.07600  3.18837e-01
    11.08593  3.23774e-01
    11.09587  3.27814e-01
    11.10581  3.31253e-01
    11.11575  3.34314e-01
    11.12569  3.36739e-01
    11.13563  3.38932e-01
    11.14557  3.40736e-01
    11.15551  3.42135e-01
    11.16545  3.43345e-01
    11.17539  3.44199e-01
    11.18533  3.44811e-01
    11.19527  3.45171e-01
    11.20521  3.45346e-01
    11.21515  3.45300e-01
    11.22509  3.45097e-01
    11.23503  3.44766e-01
    11.24497  3.44269e-01
    11.25491  3.43655e-01
    11.26485  3.43077e-01
    11.27479  3.42461e-01
    11.28473  3.41814e-01
    11.29467  3.41222e-01
    11.30461  3.40720e-01
    11.31455  3.40215e-01
    11.32449  3.39884e-01
    11.33443  3.39626e-01
    11.34437  3.39556e-01
    11.35431  3.39622e-01
    11.36425  3.39875e-01
    11.37419  3.40309e-01
    11.38413  3.40806e-01
    11.39407  3.41305e-01
    11.40401  3.42034e-01
    11.41394  3.42696e-01
    11.42388  3.43371e-01
    11.43382  3.44185e-01
    11.44376  3.44851e-01
    11.45370  3.45436e-01
    11.46364  3.46011e-01
    11.47358  3.46253e-01
    11.48352  3.46450e-01
    11.49346  3.46176e-01
    11.50340  3.45830e-01
    11.51334  3.45200e-01
    11.52328  3.43754e-01
    11.53322  3.40941e-01
    11.54316  3.36986e-01
    11.55310  3.31746e-01
    11.56304  3.25750e-01
    11.57298  3.16920e-01
    11.58292  3.07855e-01
    11.59286  2.96593e-01
    11.60280  2.82875e-01
    11.61274  2.67635e-01
    11.62268  2.52036e-01
    11.63262  2.33703e-01
    11.64256  2.16859e-01
    11.65250  1.99579e-01
    11.66244  1.80697e-01
    11.67238  1.63866e-01
    11.68232  1.47710e-01
    11.69226  1.31678e-01
    11.70220  1.17705e-01
    11.71214  1.05280e-01
    11.72208  9.23166e-02
    11.73201  8.18180e-02
    11.74195  7.18446e-02
    11.75189  6.32653e-02
    11.76183  5.59049e-02
    11.77177  4.97271e-02
    11.78171  4.34577e-02
    11.79165  3.85738e-02
    11.80159  3.37672e-02
    11.81153  2.96958e-02
    11.82147  2.61089e-02
    11.83141  2.32280e-02
    11.84135  2.04846e-02
    11.85129  1.82535e-02
    11.86123  1.60247e-02
    11.87117  1.42020e-02
    11.88111  1.24852e-02
    11.89105  1.10520e-02
    11.90099  9.75118e-03
    11.91093  8.70703e-03
    11.92087  7.61566e-03
    11.93081  6.78255e-03
    11.94075  5.98344e-03
    11.95069  5.25411e-03
    11.96063  4.59146e-03
    11.97057  4.11440e-03
    11.98051  3.62461e-03
    11.99045  3.21844e-03
    12.00039  2.78708e-03
    12.01033  2.42245e-03
    12.02027  2.09556e-03
    12.03021  1.85977e-03
    12.04014  1.64759e-03
    12.05009  1.46380e-03
    12.06003  1.21625e-03
    12.06996  1.03393e-03
    12.07990  9.00000e-04
    12.08984  8.02591e-04
    12.09978  6.20247e-04
    12.10972  5.54609e-04
    12.11966  4.86734e-04
    12.12960  4.00000e-04
    12.13954  3.00000e-04
    12.14948  2.70344e-04
    12.15942  2.00000e-04
    12.16936  2.00000e-04
    12.17930  1.00000e-04
    12.18924  1.00000e-04
    12.19918  1.00000e-04
    12.20912  1.00000e-04
    12.21906  1.00000e-04
    12.22900  0.00000e+00
