# microns transmission
    17.14100  0.00000e+00
    17.18338  1.00000e-04
    17.22576  2.00000e-04
    17.26814  3.00000e-04
    17.31053  3.00000e-04
    17.35291  3.00000e-04
    17.39529  2.28464e-04
    17.43767  2.00000e-04
    17.48005  3.00000e-04
    17.52244  4.00000e-04
    17.56482  6.00000e-04
    17.60720  9.36667e-04
    17.64958  1.25969e-03
    17.69197  1.40000e-03
    17.73435  1.60000e-03
    17.77673  1.80000e-03
    17.81911  2.20000e-03
    17.86149  2.81969e-03
    17.90388  3.74792e-03
    17.94626  4.84188e-03
    17.98864  6.22125e-03
    18.03102  8.10109e-03
    18.07340  1.05935e-02
    18.11578  1.41784e-02
    18.15816  1.92887e-02
    18.20055  2.61505e-02
    18.24293  3.57789e-02
    18.28531  4.82370e-02
    18.32769  6.46008e-02
    18.37008  8.55067e-02
    18.41246  1.11148e-01
    18.45484  1.41435e-01
    18.49722  1.73665e-01
    18.53960  2.06231e-01
    18.58198  2.35823e-01
    18.62437  2.61484e-01
    18.66675  2.81008e-01
    18.70913  2.95133e-01
    18.75151  3.03927e-01
    18.79389  3.08592e-01
    18.83628  3.09900e-01
    18.87866  3.09247e-01
    18.92104  3.08116e-01
    18.96342  3.07192e-01
    19.00580  3.06500e-01
    19.04819  3.06330e-01
    19.09057  3.05381e-01
    19.13295  3.03635e-01
    19.17533  3.01656e-01
    19.21771  3.00010e-01
    19.26010  2.98865e-01
    19.30248  2.98242e-01
    19.34486  2.97506e-01
    19.38724  2.96559e-01
    19.42962  2.95043e-01
    19.47200  2.93233e-01
    19.51439  2.91792e-01
    19.55677  2.91154e-01
    19.59915  2.90800e-01
    19.64153  2.90800e-01
    19.68391  2.91032e-01
    19.72630  2.91472e-01
    19.76868  2.91995e-01
    19.81106  2.93169e-01
    19.85344  2.95072e-01
    19.89582  2.97589e-01
    19.93821  3.00080e-01
    19.98059  3.02303e-01
    20.02297  3.04166e-01
    20.06535  3.05714e-01
    20.10773  3.07191e-01
    20.15012  3.08437e-01
    20.19250  3.09517e-01
    20.23488  3.10763e-01
    20.27726  3.12242e-01
    20.31964  3.13688e-01
    20.36202  3.14968e-01
    20.40441  3.15857e-01
    20.44679  3.16296e-01
    20.48917  3.16500e-01
    20.53155  3.14998e-01
    20.57393  3.13053e-01
    20.61632  3.11381e-01
    20.65870  3.09710e-01
    20.70108  3.08064e-01
    20.74346  3.06177e-01
    20.78584  3.04077e-01
    20.82823  3.01589e-01
    20.87061  2.98926e-01
    20.91299  2.96067e-01
    20.95537  2.92975e-01
    20.99775  2.89725e-01
    21.04014  2.89700e-01
    21.08252  2.90450e-01
    21.12490  2.92045e-01
    21.16728  2.94017e-01
    21.20966  2.96233e-01
    21.25204  2.98235e-01
    21.29443  3.00321e-01
    21.33681  3.02590e-01
    21.37919  3.05010e-01
    21.42157  3.07371e-01
    21.46395  3.09498e-01
    21.50634  3.11156e-01
    21.54872  3.11300e-01
    21.59110  3.11082e-01
    21.63348  3.10450e-01
    21.67586  3.09719e-01
    21.71825  3.09195e-01
    21.76063  3.09144e-01
    21.80301  3.09767e-01
    21.84539  3.10707e-01
    21.88777  3.11430e-01
    21.93016  3.11800e-01
    21.97254  3.11608e-01
    22.01492  3.11068e-01
    22.05730  3.10145e-01
    22.09968  3.09106e-01
    22.14207  3.07864e-01
    22.18445  3.06302e-01
    22.22683  3.04639e-01
    22.26921  3.02992e-01
    22.31159  3.01514e-01
    22.35398  3.00267e-01
    22.39636  2.99088e-01
    22.43874  2.98071e-01
    22.48112  2.97131e-01
    22.52350  2.96508e-01
    22.56588  2.96069e-01
    22.60826  2.95446e-01
    22.65065  2.94221e-01
    22.69303  2.92149e-01
    22.73541  2.88710e-01
    22.77779  2.83461e-01
    22.82018  2.76558e-01
    22.86256  2.67403e-01
    22.90494  2.56749e-01
    22.94732  2.43999e-01
    22.98970  2.29704e-01
    23.03209  2.13066e-01
    23.07447  1.95422e-01
    23.11685  1.76498e-01
    23.15923  1.57954e-01
    23.20161  1.39686e-01
    23.24400  1.22935e-01
    23.28638  1.07349e-01
    23.32876  9.29929e-02
    23.37114  8.00517e-02
    23.41352  6.81691e-02
    23.45590  5.78889e-02
    23.49829  4.89476e-02
    23.54067  4.19497e-02
    23.58305  3.62275e-02
    23.62543  3.15569e-02
    23.66781  2.74488e-02
    23.71020  2.35803e-02
    23.75258  1.96506e-02
    23.79496  1.62201e-02
    23.83734  1.33128e-02
    23.87972  1.11639e-02
    23.92211  9.69575e-03
    23.96449  8.55854e-03
    24.00687  7.63552e-03
    24.04925  6.69581e-03
    24.09163  5.87279e-03
    24.13402  5.23307e-03
    24.17640  4.70000e-03
    24.21878  4.27036e-03
    24.26116  3.90000e-03
    24.30354  3.70000e-03
    24.34592  3.48458e-03
    24.38831  3.25387e-03
    24.43069  3.00000e-03
    24.47307  2.80000e-03
    24.51545  2.60000e-03
    24.55783  2.33609e-03
    24.60022  2.09641e-03
    24.64260  1.80000e-03
    24.68498  1.50000e-03
    24.72736  1.21065e-03
    24.76974  9.00000e-04
    24.81212  6.47917e-04
    24.85451  4.00000e-04
    24.89689  2.00000e-04
    24.93927  1.00000e-04
    24.98165  2.00000e-04
    25.02403  3.00688e-04
    25.06642  5.00000e-04
    25.10880  6.00000e-04
    25.15118  6.00000e-04
    25.19356  5.00000e-04
    25.23594  5.00000e-04
    25.27833  4.00000e-04
    25.32071  4.00000e-04
    25.36309  4.00000e-04
    25.40547  3.00000e-04
    25.44785  3.00000e-04
    25.49024  2.55281e-04
    25.53262  2.00000e-04
    25.57500  0.00000e+00
