# microns transmission
     8.74300  0.00000e+00
     8.75693  2.34734e-03
     8.77086  7.70573e-03
     8.78479  1.28894e-02
     8.79872  1.54099e-02
     8.81265  1.05523e-02
     8.82658  5.68438e-03
     8.84051  3.12383e-03
     8.85444  2.90000e-03
     8.86837  3.58060e-03
     8.88230  5.26432e-03
     8.89623  8.31935e-03
     8.91016  1.43059e-02
     8.92409  2.19507e-02
     8.93801  3.36450e-02
     8.95194  4.80399e-02
     8.96587  6.65167e-02
     8.97980  8.75062e-02
     8.99373  1.20201e-01
     9.00766  1.60719e-01
     9.02159  2.13351e-01
     9.03552  2.70927e-01
     9.04945  3.18384e-01
     9.06338  3.48476e-01
     9.07731  3.51395e-01
     9.09124  3.41174e-01
     9.10517  3.29680e-01
     9.11910  3.21310e-01
     9.13303  3.24230e-01
     9.14696  3.32830e-01
     9.16089  3.45596e-01
     9.17482  3.60866e-01
     9.18875  3.73020e-01
     9.20268  3.83699e-01
     9.21661  3.89503e-01
     9.23054  3.92254e-01
     9.24447  3.92836e-01
     9.25840  3.91740e-01
     9.27233  3.89601e-01
     9.28626  3.87020e-01
     9.30019  3.84469e-01
     9.31412  3.81981e-01
     9.32804  3.80111e-01
     9.34198  3.78534e-01
     9.35590  3.78005e-01
     9.36983  3.78342e-01
     9.38376  3.79369e-01
     9.39769  3.81351e-01
     9.41162  3.83570e-01
     9.42555  3.85940e-01
     9.43948  3.88056e-01
     9.45341  3.89689e-01
     9.46734  3.90956e-01
     9.48127  3.92002e-01
     9.49520  3.92910e-01
     9.50913  3.93810e-01
     9.52306  3.94855e-01
     9.53699  3.95916e-01
     9.55092  3.96928e-01
     9.56485  3.97728e-01
     9.57878  3.98187e-01
     9.59271  3.97810e-01
     9.60664  3.96836e-01
     9.62057  3.95543e-01
     9.63450  3.93875e-01
     9.64843  3.92464e-01
     9.66236  3.91232e-01
     9.67629  3.90536e-01
     9.69022  3.90337e-01
     9.70415  3.90607e-01
     9.71807  3.91372e-01
     9.73201  3.92450e-01
     9.74593  3.93693e-01
     9.75986  3.94693e-01
     9.77379  3.95428e-01
     9.78772  3.95812e-01
     9.80165  3.95900e-01
     9.81558  3.95707e-01
     9.82951  3.95209e-01
     9.84344  3.94578e-01
     9.85737  3.93878e-01
     9.87130  3.93290e-01
     9.88523  3.93013e-01
     9.89916  3.92900e-01
     9.91309  3.92732e-01
     9.92702  3.92483e-01
     9.94095  3.92102e-01
     9.95488  3.91406e-01
     9.96881  3.90779e-01
     9.98274  3.89963e-01
     9.99667  3.89478e-01
    10.01060  3.89620e-01
    10.02453  3.90168e-01
    10.03846  3.91105e-01
    10.05239  3.92439e-01
    10.06632  3.94076e-01
    10.08025  3.95987e-01
    10.09418  3.98226e-01
    10.10811  4.00181e-01
    10.12204  4.02165e-01
    10.13596  4.03580e-01
    10.14989  4.04532e-01
    10.16382  4.05194e-01
    10.17775  4.05400e-01
    10.19168  4.05222e-01
    10.20561  4.04875e-01
    10.21954  4.04323e-01
    10.23347  4.03818e-01
    10.24740  4.03460e-01
    10.26133  4.03200e-01
    10.27526  4.03221e-01
    10.28919  4.03553e-01
    10.30312  4.04006e-01
    10.31705  4.04703e-01
    10.33098  4.05532e-01
    10.34491  4.06245e-01
    10.35884  4.06992e-01
    10.37277  4.07688e-01
    10.38670  4.08335e-01
    10.40063  4.09031e-01
    10.41456  4.09678e-01
    10.42849  4.10274e-01
    10.44242  4.11028e-01
    10.45635  4.11856e-01
    10.47028  4.12842e-01
    10.48421  4.13680e-01
    10.49814  4.14488e-01
    10.51207  4.13998e-01
    10.52600  4.13200e-01
    10.53992  4.11990e-01
    10.55385  4.10380e-01
    10.56778  4.08432e-01
    10.58171  4.06438e-01
    10.59564  4.04060e-01
    10.60957  4.01914e-01
    10.62350  3.99700e-01
    10.63743  3.97842e-01
    10.65136  3.96264e-01
    10.66529  3.95085e-01
    10.67922  3.94239e-01
    10.69315  3.93781e-01
    10.70708  3.93432e-01
    10.72101  3.93200e-01
    10.73494  3.92553e-01
    10.74887  3.91332e-01
    10.76280  3.89180e-01
    10.77673  3.85868e-01
    10.79066  3.80015e-01
    10.80459  3.72087e-01
    10.81852  3.59874e-01
    10.83245  3.41547e-01
    10.84638  3.17934e-01
    10.86031  2.90577e-01
    10.87424  2.56595e-01
    10.88817  2.20555e-01
    10.90209  1.84216e-01
    10.91603  1.47505e-01
    10.92995  1.16695e-01
    10.94388  8.80204e-02
    10.95781  6.72591e-02
    10.97174  5.05691e-02
    10.98567  3.79280e-02
    10.99960  2.75085e-02
    11.01353  2.10180e-02
    11.02746  1.55521e-02
    11.04139  1.16448e-02
    11.05532  8.97969e-03
    11.06925  7.07477e-03
    11.08318  5.53490e-03
    11.09711  4.47409e-03
    11.11104  3.56401e-03
    11.12497  2.86768e-03
    11.13890  2.27003e-03
    11.15283  1.90570e-03
    11.16676  1.60483e-03
    11.18069  1.30000e-03
    11.19462  1.12764e-03
    11.20855  9.00000e-04
    11.22248  8.00000e-04
    11.23641  7.00000e-04
    11.25034  5.73266e-04
    11.26427  5.00000e-04
    11.27820  4.00000e-04
    11.29213  4.00000e-04
    11.30606  4.00000e-04
    11.31998  3.00000e-04
    11.33391  3.00000e-04
    11.34784  2.00000e-04
    11.36177  2.00000e-04
    11.37570  2.00000e-04
    11.38963  2.00000e-04
    11.40356  2.00000e-04
    11.41749  2.00000e-04
    11.43142  2.00000e-04
    11.44535  2.00000e-04
    11.45928  2.00000e-04
    11.47321  1.00000e-04
    11.48714  1.00000e-04
    11.50107  1.00000e-04
    11.51500  0.00000e+00
