# microns transmission
    12.77400  0.00000e+00
    12.79778  1.13060e-04
    12.82157  2.00000e-04
    12.84535  3.00000e-04
    12.86914  3.00000e-04
    12.89292  4.00000e-04
    12.91670  5.61719e-04
    12.94049  7.00000e-04
    12.96427  9.00000e-04
    12.98806  1.10000e-03
    13.01184  1.39732e-03
    13.03562  1.71039e-03
    13.05941  2.14690e-03
    13.08319  2.67302e-03
    13.10697  3.27897e-03
    13.13076  4.09198e-03
    13.15454  5.17711e-03
    13.17833  6.48844e-03
    13.20211  8.22591e-03
    13.22589  1.04872e-02
    13.24968  1.33571e-02
    13.27346  1.72848e-02
    13.29725  2.23909e-02
    13.32103  2.90427e-02
    13.34481  3.76725e-02
    13.36860  4.83591e-02
    13.39238  6.16287e-02
    13.41617  7.81159e-02
    13.43995  9.76425e-02
    13.46373  1.20048e-01
    13.48752  1.44317e-01
    13.51130  1.68786e-01
    13.53509  1.94522e-01
    13.55887  2.18613e-01
    13.58265  2.40090e-01
    13.60644  2.57877e-01
    13.63022  2.72098e-01
    13.65401  2.83102e-01
    13.67779  2.91617e-01
    13.70157  2.97808e-01
    13.72536  3.02153e-01
    13.74914  3.05414e-01
    13.77293  3.07711e-01
    13.79671  3.09642e-01
    13.82049  3.11266e-01
    13.84428  3.12664e-01
    13.86806  3.13835e-01
    13.89184  3.15031e-01
    13.91563  3.16331e-01
    13.93941  3.17861e-01
    13.96319  3.19413e-01
    13.98698  3.20965e-01
    14.01076  3.22747e-01
    14.03455  3.24755e-01
    14.05833  3.26894e-01
    14.08212  3.29060e-01
    14.10590  3.31125e-01
    14.12968  3.33290e-01
    14.15347  3.35347e-01
    14.17725  3.37425e-01
    14.20104  3.39704e-01
    14.22482  3.42182e-01
    14.24860  3.44434e-01
    14.27239  3.46359e-01
    14.29617  3.47587e-01
    14.31995  3.48298e-01
    14.34374  3.48762e-01
    14.36752  3.49451e-01
    14.39131  3.50654e-01
    14.41509  3.52106e-01
    14.43888  3.53494e-01
    14.46266  3.54622e-01
    14.48644  3.55348e-01
    14.51023  3.55700e-01
    14.53401  3.55950e-01
    14.55779  3.57023e-01
    14.58158  3.58698e-01
    14.60536  3.60491e-01
    14.62915  3.61957e-01
    14.65293  3.62998e-01
    14.67671  3.63824e-01
    14.70050  3.64620e-01
    14.72428  3.65343e-01
    14.74807  3.66069e-01
    14.77185  3.66895e-01
    14.79563  3.67721e-01
    14.81942  3.68537e-01
    14.84320  3.69170e-01
    14.86698  3.69600e-01
    14.89077  3.69604e-01
    14.91455  3.69091e-01
    14.93834  3.68355e-01
    14.96212  3.67922e-01
    14.98590  3.68232e-01
    15.00969  3.68645e-01
    15.03347  3.68600e-01
    15.05726  3.68029e-01
    15.08104  3.66958e-01
    15.10483  3.65478e-01
    15.12861  3.63826e-01
    15.15239  3.61967e-01
    15.17618  3.59902e-01
    15.19996  3.57704e-01
    15.22374  3.55391e-01
    15.24753  3.52705e-01
    15.27131  3.49914e-01
    15.29510  3.46922e-01
    15.31888  3.44131e-01
    15.34266  3.41540e-01
    15.36645  3.39446e-01
    15.39023  3.37685e-01
    15.41402  3.36349e-01
    15.43780  3.35340e-01
    15.46158  3.34657e-01
    15.48537  3.34153e-01
    15.50915  3.33595e-01
    15.53293  3.32869e-01
    15.55672  3.32143e-01
    15.58050  3.31217e-01
    15.60429  3.30186e-01
    15.62807  3.29096e-01
    15.65185  3.27972e-01
    15.67564  3.26945e-01
    15.69942  3.26119e-01
    15.72321  3.25447e-01
    15.74699  3.25100e-01
    15.77077  3.25263e-01
    15.79456  3.25852e-01
    15.81834  3.26867e-01
    15.84212  3.28208e-01
    15.86591  3.29761e-01
    15.88969  3.31155e-01
    15.91348  3.32474e-01
    15.93726  3.33575e-01
    15.96105  3.34402e-01
    15.98483  3.35128e-01
    16.00861  3.35989e-01
    16.03240  3.37220e-01
    16.05618  3.38273e-01
    16.07997  3.38899e-01
    16.10375  3.39200e-01
    16.12753  3.39100e-01
    16.15132  3.38774e-01
    16.17510  3.38265e-01
    16.19888  3.37652e-01
    16.22267  3.37139e-01
    16.24645  3.36900e-01
    16.27024  3.36900e-01
    16.29402  3.37184e-01
    16.31780  3.37400e-01
    16.34159  3.37390e-01
    16.36537  3.36731e-01
    16.38916  3.35220e-01
    16.41294  3.32390e-01
    16.43672  3.27910e-01
    16.46051  3.21031e-01
    16.48429  3.11226e-01
    16.50808  2.98340e-01
    16.53186  2.82519e-01
    16.55564  2.64479e-01
    16.57943  2.43308e-01
    16.60321  2.20229e-01
    16.62700  1.96038e-01
    16.65078  1.71768e-01
    16.67456  1.48479e-01
    16.69835  1.26744e-01
    16.72213  1.06802e-01
    16.74592  8.93868e-02
    16.76970  7.44709e-02
    16.79348  6.16659e-02
    16.81727  5.12717e-02
    16.84105  4.21680e-02
    16.86483  3.46108e-02
    16.88862  2.82890e-02
    16.91240  2.30197e-02
    16.93619  1.87628e-02
    16.95997  1.54368e-02
    16.98375  1.27247e-02
    17.00754  1.05385e-02
    17.03132  8.77854e-03
    17.05511  7.32615e-03
    17.07889  6.14656e-03
    17.10267  5.04427e-03
    17.12646  4.21807e-03
    17.15024  3.44599e-03
    17.17402  2.83292e-03
    17.19781  2.24763e-03
    17.22159  1.82344e-03
    17.24538  1.51039e-03
    17.26916  1.20000e-03
    17.29295  1.00000e-03
    17.31673  8.71198e-04
    17.34051  7.00000e-04
    17.36430  5.61745e-04
    17.38808  4.48646e-04
    17.41186  3.00000e-04
    17.43565  2.00000e-04
    17.45943  1.11344e-04
    17.48322  1.00000e-04
    17.50700  0.00000e+00
