# microns transmission
     6.20800  0.00000e+00
     6.22368  1.00000e-04
     6.23937  2.39453e-04
     6.25505  7.01667e-04
     6.27073  7.21113e-04
     6.28642  5.59714e-04
     6.30210  2.81667e-04
     6.31778  1.20267e-04
     6.33347  1.00000e-04
     6.34915  1.00000e-04
     6.36483  2.00000e-04
     6.38052  2.00000e-04
     6.39620  3.00000e-04
     6.41188  4.14740e-04
     6.42757  6.52266e-04
     6.44325  1.16256e-03
     6.45893  1.90906e-03
     6.47462  4.04906e-03
     6.49030  9.33068e-03
     6.50598  2.19802e-02
     6.52167  4.49141e-02
     6.53735  9.49272e-02
     6.55304  1.46778e-01
     6.56872  1.82122e-01
     6.58440  2.01707e-01
     6.60009  2.18071e-01
     6.61577  2.48620e-01
     6.63145  2.83422e-01
     6.64714  3.06403e-01
     6.66282  3.08833e-01
     6.67850  3.02332e-01
     6.69419  2.89233e-01
     6.70987  2.80983e-01
     6.72555  2.79311e-01
     6.74124  2.83656e-01
     6.75692  2.99245e-01
     6.77260  3.21325e-01
     6.78829  3.40558e-01
     6.80397  3.52720e-01
     6.81965  3.59065e-01
     6.83534  3.57349e-01
     6.85102  3.57235e-01
     6.86670  3.51957e-01
     6.88239  3.39007e-01
     6.89807  3.34463e-01
     6.91375  3.31699e-01
     6.92944  3.31544e-01
     6.94512  3.34546e-01
     6.96080  3.40241e-01
     6.97649  3.40741e-01
     6.99217  3.43215e-01
     7.00785  3.46956e-01
     7.02354  3.52610e-01
     7.03922  3.59766e-01
     7.05490  3.63481e-01
     7.07059  3.65938e-01
     7.08627  3.68479e-01
     7.10195  3.70893e-01
     7.11764  3.72187e-01
     7.13332  3.71414e-01
     7.14900  3.70333e-01
     7.16469  3.68381e-01
     7.18037  3.65207e-01
     7.19606  3.65134e-01
     7.21174  3.66374e-01
     7.22742  3.68811e-01
     7.24311  3.71897e-01
     7.25879  3.76558e-01
     7.27447  3.79520e-01
     7.29016  3.79127e-01
     7.30584  3.76599e-01
     7.32152  3.73387e-01
     7.33721  3.70823e-01
     7.35289  3.65870e-01
     7.36857  3.62652e-01
     7.38426  3.62126e-01
     7.39994  3.64088e-01
     7.41562  3.67977e-01
     7.43131  3.73546e-01
     7.44699  3.79596e-01
     7.46267  3.85695e-01
     7.47836  3.87525e-01
     7.49404  3.85929e-01
     7.50972  3.82817e-01
     7.52541  3.78464e-01
     7.54109  3.73046e-01
     7.55677  3.68514e-01
     7.57246  3.65357e-01
     7.58814  3.63743e-01
     7.60382  3.63710e-01
     7.61951  3.65676e-01
     7.63519  3.69244e-01
     7.65087  3.73333e-01
     7.66656  3.77839e-01
     7.68224  3.81653e-01
     7.69793  3.84803e-01
     7.71361  3.86309e-01
     7.72929  3.87022e-01
     7.74498  3.87300e-01
     7.76066  3.87400e-01
     7.77634  3.87400e-01
     7.79203  3.87601e-01
     7.80771  3.88235e-01
     7.82339  3.89120e-01
     7.83908  3.89936e-01
     7.85476  3.90459e-01
     7.87044  3.90028e-01
     7.88613  3.88965e-01
     7.90181  3.87222e-01
     7.91749  3.85041e-01
     7.93318  3.83382e-01
     7.94886  3.82371e-01
     7.96454  3.82227e-01
     7.98023  3.83276e-01
     7.99591  3.85436e-01
     8.01159  3.88232e-01
     8.02728  3.91046e-01
     8.04296  3.93829e-01
     8.05864  3.95752e-01
     8.07433  3.96616e-01
     8.09001  3.96420e-01
     8.10569  3.95331e-01
     8.12138  3.93487e-01
     8.13706  3.91543e-01
     8.15274  3.89826e-01
     8.16843  3.88729e-01
     8.18411  3.88369e-01
     8.19979  3.88890e-01
     8.21548  3.90040e-01
     8.23116  3.91347e-01
     8.24684  3.92590e-01
     8.26253  3.93389e-01
     8.27821  3.93213e-01
     8.29389  3.92011e-01
     8.30958  3.90090e-01
     8.32526  3.87557e-01
     8.34094  3.84843e-01
     8.35663  3.82406e-01
     8.37231  3.80569e-01
     8.38800  3.79433e-01
     8.40368  3.78989e-01
     8.41936  3.79591e-01
     8.43505  3.80820e-01
     8.45073  3.82373e-01
     8.46641  3.83870e-01
     8.48210  3.85305e-01
     8.49778  3.86127e-01
     8.51346  3.85718e-01
     8.52915  3.84585e-01
     8.54483  3.82876e-01
     8.56051  3.80315e-01
     8.57620  3.77381e-01
     8.59188  3.73332e-01
     8.60756  3.67738e-01
     8.62325  3.57580e-01
     8.63893  3.39282e-01
     8.65461  3.03320e-01
     8.67030  2.55658e-01
     8.68598  1.99957e-01
     8.70166  1.41540e-01
     8.71735  9.57498e-02
     8.73303  6.10436e-02
     8.74871  3.88963e-02
     8.76440  2.39817e-02
     8.78008  1.56678e-02
     8.79576  1.01835e-02
     8.81145  6.95885e-03
     8.82713  4.73913e-03
     8.84281  3.35116e-03
     8.85850  2.42512e-03
     8.87418  1.77278e-03
     8.88986  1.36893e-03
     8.90555  1.09086e-03
     8.92123  8.29479e-04
     8.93691  6.51432e-04
     8.95260  5.90039e-04
     8.96828  5.00000e-04
     8.98396  4.00000e-04
     8.99965  4.00000e-04
     9.01533  3.11146e-04
     9.03101  3.00000e-04
     9.04670  3.00000e-04
     9.06238  3.00000e-04
     9.07807  3.00000e-04
     9.09375  3.00000e-04
     9.10943  3.00000e-04
     9.12512  3.00000e-04
     9.14080  3.00000e-04
     9.15648  3.00000e-04
     9.17217  3.00000e-04
     9.18785  2.35846e-04
     9.20353  2.00000e-04
     9.21922  2.00000e-04
     9.23490  2.00000e-04
     9.25058  1.00000e-04
     9.26627  1.00000e-04
     9.28195  1.00000e-04
     9.29763  1.00000e-04
     9.31332  1.00000e-04
     9.32900  0.00000e+00
