# microns transmission
    11.08600  0.00000e+00
    11.10372  1.00000e-04
    11.12145  3.00000e-04
    11.13917  5.00000e-04
    11.15689  7.14909e-04
    11.17462  1.12697e-03
    11.19234  1.55369e-03
    11.21007  2.13443e-03
    11.22779  2.69297e-03
    11.24551  3.28378e-03
    11.26324  3.90786e-03
    11.28096  4.45920e-03
    11.29868  5.02276e-03
    11.31641  5.74690e-03
    11.33413  6.40652e-03
    11.35185  7.24273e-03
    11.36958  8.46625e-03
    11.38730  9.93016e-03
    11.40502  1.19032e-02
    11.42275  1.43623e-02
    11.44047  1.78339e-02
    11.45820  2.32184e-02
    11.47592  3.01985e-02
    11.49364  4.02310e-02
    11.51137  5.31125e-02
    11.52909  7.19784e-02
    11.54681  9.79025e-02
    11.56454  1.27704e-01
    11.58226  1.64720e-01
    11.59999  2.05441e-01
    11.61771  2.45621e-01
    11.63543  2.81647e-01
    11.65316  3.09325e-01
    11.67088  3.29848e-01
    11.68860  3.40949e-01
    11.70633  3.45421e-01
    11.72405  3.47300e-01
    11.74177  3.47204e-01
    11.75950  3.46492e-01
    11.77722  3.46180e-01
    11.79494  3.45984e-01
    11.81267  3.46028e-01
    11.83039  3.46228e-01
    11.84812  3.46435e-01
    11.86584  3.46747e-01
    11.88356  3.47085e-01
    11.90129  3.47455e-01
    11.91901  3.47860e-01
    11.93673  3.48162e-01
    11.95446  3.48574e-01
    11.97218  3.48939e-01
    11.98990  3.49364e-01
    12.00763  3.49700e-01
    12.02535  3.49900e-01
    12.04307  3.50101e-01
    12.06080  3.50297e-01
    12.07852  3.50400e-01
    12.09625  3.50300e-01
    12.11397  3.50184e-01
    12.13169  3.49872e-01
    12.14942  3.49443e-01
    12.16714  3.48829e-01
    12.18486  3.48157e-01
    12.20259  3.47414e-01
    12.22031  3.46534e-01
    12.23804  3.45618e-01
    12.25576  3.44649e-01
    12.27348  3.43676e-01
    12.29121  3.42690e-01
    12.30893  3.41836e-01
    12.32665  3.41014e-01
    12.34438  3.40221e-01
    12.36210  3.39697e-01
    12.37982  3.39206e-01
    12.39755  3.39109e-01
    12.41527  3.39321e-01
    12.43299  3.39617e-01
    12.45072  3.40186e-01
    12.46844  3.40887e-01
    12.48617  3.41708e-01
    12.50389  3.42644e-01
    12.52161  3.43774e-01
    12.53934  3.44867e-01
    12.55706  3.45945e-01
    12.57478  3.46726e-01
    12.59251  3.47450e-01
    12.61023  3.47971e-01
    12.62795  3.48300e-01
    12.64568  3.48494e-01
    12.66340  3.48410e-01
    12.68113  3.48198e-01
    12.69885  3.47903e-01
    12.71657  3.47581e-01
    12.73430  3.46957e-01
    12.75202  3.46366e-01
    12.76974  3.45742e-01
    12.78747  3.45241e-01
    12.80519  3.44763e-01
    12.82291  3.44400e-01
    12.84064  3.44300e-01
    12.85836  3.44400e-01
    12.87609  3.44562e-01
    12.89381  3.44927e-01
    12.91153  3.45351e-01
    12.92926  3.45842e-01
    12.94698  3.46466e-01
    12.96470  3.47188e-01
    12.98243  3.47881e-01
    13.00015  3.48600e-01
    13.01787  3.48500e-01
    13.03560  3.48080e-01
    13.05332  3.47456e-01
    13.07104  3.46648e-01
    13.08877  3.45582e-01
    13.10649  3.44481e-01
    13.12422  3.43252e-01
    13.14194  3.42004e-01
    13.15966  3.40723e-01
    13.17739  3.39474e-01
    13.19511  3.38251e-01
    13.21283  3.37208e-01
    13.23056  3.36172e-01
    13.24828  3.35286e-01
    13.26600  3.34450e-01
    13.28373  3.33711e-01
    13.30145  3.33018e-01
    13.31917  3.32494e-01
    13.33690  3.32002e-01
    13.35462  3.31579e-01
    13.37235  3.31078e-01
    13.39007  3.30682e-01
    13.40779  3.30140e-01
    13.42552  3.29539e-01
    13.44324  3.28788e-01
    13.46097  3.27952e-01
    13.47869  3.26966e-01
    13.49641  3.25829e-01
    13.51414  3.25763e-01
    13.53186  3.25864e-01
    13.54958  3.25900e-01
    13.56731  3.26000e-01
    13.58503  3.26000e-01
    13.60275  3.26100e-01
    13.62048  3.26291e-01
    13.63820  3.26607e-01
    13.65592  3.26999e-01
    13.67365  3.27522e-01
    13.69137  3.28146e-01
    13.70910  3.28755e-01
    13.72682  3.29491e-01
    13.74454  3.30162e-01
    13.76227  3.30638e-01
    13.77999  3.30900e-01
    13.79771  3.30655e-01
    13.81544  3.29728e-01
    13.83316  3.27857e-01
    13.85088  3.25153e-01
    13.86861  3.21425e-01
    13.88633  3.17289e-01
    13.90405  3.12552e-01
    13.92178  3.07667e-01
    13.93950  3.03999e-01
    13.95723  3.00674e-01
    13.97495  2.99104e-01
    13.99267  2.98489e-01
    14.01040  2.96937e-01
    14.02812  2.94313e-01
    14.04584  2.87064e-01
    14.06357  2.71325e-01
    14.08129  2.50597e-01
    14.09902  2.18071e-01
    14.11674  1.83713e-01
    14.13446  1.47921e-01
    14.15219  1.13136e-01
    14.16991  8.45875e-02
    14.18763  6.10178e-02
    14.20536  4.27232e-02
    14.22308  3.02522e-02
    14.24080  2.02181e-02
    14.25853  1.46494e-02
    14.27625  1.01539e-02
    14.29397  7.40333e-03
    14.31170  5.43016e-03
    14.32942  3.92891e-03
    14.34715  3.04273e-03
    14.36487  2.33771e-03
    14.38259  1.76812e-03
    14.40032  1.46141e-03
    14.41804  1.14932e-03
    14.43576  9.53932e-04
    14.45349  7.41875e-04
    14.47121  6.00000e-04
    14.48893  5.00000e-04
    14.50666  4.00000e-04
    14.52438  3.00000e-04
    14.54211  2.14896e-04
    14.55983  2.00000e-04
    14.57755  1.07448e-04
    14.59528  1.00000e-04
    14.61300  0.00000e+00
