# microns transmission
    15.03000  0.00000e+00
    15.06014  1.00000e-04
    15.09027  1.37865e-04
    15.12041  2.00000e-04
    15.15054  2.00000e-04
    15.18068  2.00000e-04
    15.21081  1.00000e-04
    15.24095  1.00000e-04
    15.27109  1.00000e-04
    15.30122  1.00000e-04
    15.33136  1.89271e-04
    15.36149  1.00000e-04
    15.39163  1.00000e-04
    15.42176  1.00000e-04
    15.45190  1.00000e-04
    15.48203  1.00000e-04
    15.51217  1.00000e-04
    15.54231  1.00000e-04
    15.57244  1.00000e-04
    15.60258  1.71562e-04
    15.63271  2.00000e-04
    15.66285  3.00000e-04
    15.69298  5.00000e-04
    15.72312  6.00000e-04
    15.75326  7.00000e-04
    15.78339  8.00000e-04
    15.81353  9.00000e-04
    15.84366  1.10000e-03
    15.87380  1.24664e-03
    15.90393  1.56557e-03
    15.93407  1.88451e-03
    15.96421  2.30344e-03
    15.99434  2.82237e-03
    16.02448  3.44133e-03
    16.05461  4.22042e-03
    16.08475  5.25833e-03
    16.11488  6.59609e-03
    16.14502  8.36792e-03
    16.17516  1.06437e-02
    16.20529  1.35837e-02
    16.23543  1.73902e-02
    16.26556  2.24125e-02
    16.29570  2.90956e-02
    16.32583  3.78337e-02
    16.35597  4.93257e-02
    16.38611  6.43101e-02
    16.41624  8.31644e-02
    16.44638  1.06324e-01
    16.47651  1.33261e-01
    16.50665  1.63309e-01
    16.53679  1.95044e-01
    16.56692  2.26523e-01
    16.59706  2.56149e-01
    16.62719  2.81908e-01
    16.65733  3.02850e-01
    16.68746  3.18185e-01
    16.71760  3.28880e-01
    16.74773  3.35310e-01
    16.77787  3.38956e-01
    16.80800  3.40750e-01
    16.83814  3.41669e-01
    16.86828  3.42388e-01
    16.89841  3.43007e-01
    16.92855  3.43726e-01
    16.95868  3.44489e-01
    16.98882  3.45327e-01
    17.01896  3.45783e-01
    17.04909  3.46100e-01
    17.07923  3.46525e-01
    17.10936  3.46947e-01
    17.13950  3.47470e-01
    17.16963  3.47893e-01
    17.19977  3.48200e-01
    17.22990  3.48400e-01
    17.26004  3.48500e-01
    17.29017  3.48770e-01
    17.32031  3.49100e-01
    17.35045  3.49507e-01
    17.38058  3.49800e-01
    17.41072  3.49800e-01
    17.44086  3.49600e-01
    17.47099  3.49300e-01
    17.50113  3.48998e-01
    17.53126  3.48479e-01
    17.56140  3.48060e-01
    17.59153  3.47700e-01
    17.62167  3.47322e-01
    17.65180  3.47000e-01
    17.68194  3.46584e-01
    17.71207  3.46200e-01
    17.74221  3.45846e-01
    17.77235  3.45428e-01
    17.80248  3.45009e-01
    17.83262  3.44488e-01
    17.86275  3.43965e-01
    17.89289  3.43342e-01
    17.92303  3.42720e-01
    17.95316  3.42097e-01
    17.98330  3.41457e-01
    18.01343  3.41100e-01
    18.04357  3.41100e-01
    18.07370  3.41178e-01
    18.10384  3.41200e-01
    18.13397  3.41400e-01
    18.16411  3.41535e-01
    18.19425  3.41700e-01
    18.22438  3.41800e-01
    18.25452  3.42000e-01
    18.28465  3.42200e-01
    18.31479  3.42430e-01
    18.34492  3.42800e-01
    18.37506  3.43168e-01
    18.40520  3.43587e-01
    18.43533  3.44000e-01
    18.46547  3.44224e-01
    18.49560  3.44400e-01
    18.52574  3.43113e-01
    18.55588  3.41556e-01
    18.58601  3.39699e-01
    18.61615  3.37908e-01
    18.64628  3.35963e-01
    18.67642  3.33995e-01
    18.70655  3.31936e-01
    18.73669  3.29954e-01
    18.76682  3.27909e-01
    18.79696  3.25903e-01
    18.82710  3.23927e-01
    18.85723  3.21951e-01
    18.88737  3.20182e-01
    18.91750  3.18625e-01
    18.94764  3.17412e-01
    18.97777  3.16374e-01
    19.00791  3.15900e-01
    19.03805  3.16100e-01
    19.06818  3.16100e-01
    19.09832  3.15761e-01
    19.12845  3.14885e-01
    19.15859  3.13271e-01
    19.18872  3.10628e-01
    19.21886  3.06771e-01
    19.24899  3.01201e-01
    19.27913  2.93765e-01
    19.30927  2.84107e-01
    19.33940  2.72239e-01
    19.36954  2.57877e-01
    19.39967  2.41462e-01
    19.42981  2.22821e-01
    19.45994  2.02924e-01
    19.49008  1.82246e-01
    19.52022  1.62030e-01
    19.55035  1.42550e-01
    19.58049  1.24124e-01
    19.61062  1.07110e-01
    19.64076  9.16171e-02
    19.67089  7.80419e-02
    19.70103  6.62240e-02
    19.73116  5.63503e-02
    19.76130  4.78246e-02
    19.79144  4.05219e-02
    19.82157  3.41952e-02
    19.85171  2.87436e-02
    19.88184  2.41682e-02
    19.91198  2.06020e-02
    19.94212  1.77590e-02
    19.97225  1.55832e-02
    20.00239  1.38306e-02
    20.03252  1.22739e-02
    20.06266  1.08171e-02
    20.09279  9.44021e-03
    20.12293  8.10229e-03
    20.15306  6.85744e-03
    20.18320  5.91194e-03
    20.21334  5.03325e-03
    20.24347  4.31056e-03
    20.27361  3.68987e-03
    20.30374  3.07094e-03
    20.33388  2.55201e-03
    20.36402  2.13307e-03
    20.39415  1.71417e-03
    20.42429  1.49523e-03
    20.45442  1.30000e-03
    20.48456  1.20000e-03
    20.51469  1.20000e-03
    20.54483  1.20000e-03
    20.57497  1.20000e-03
    20.60510  1.10000e-03
    20.63524  1.00000e-03
    20.66537  8.00000e-04
    20.69551  6.24870e-04
    20.72564  5.00000e-04
    20.75578  3.00000e-04
    20.78591  2.00000e-04
    20.81605  1.00000e-04
    20.84619  1.00000e-04
    20.87632  1.00000e-04
    20.90646  1.00000e-04
    20.93659  1.00000e-04
    20.96673  1.00000e-04
    20.99686  1.00000e-04
    21.02700  0.00000e+00
