# microns transmission
     2.33708  0.00000e+00
     2.34193  1.75184e-04
     2.34677  3.01194e-04
     2.35162  5.52133e-04
     2.35646  1.10484e-03
     2.36131  2.27808e-03
     2.36616  4.34582e-03
     2.37100  7.19714e-03
     2.37585  1.04847e-02
     2.38070  1.46993e-02
     2.38554  2.15312e-02
     2.39039  3.39864e-02
     2.39523  5.70390e-02
     2.40008  9.47823e-02
     2.40493  1.40364e-01
     2.40977  1.76933e-01
     2.41462  1.99861e-01
     2.41946  2.21459e-01
     2.42431  2.50628e-01
     2.42916  2.78663e-01
     2.43400  2.96226e-01
     2.43885  3.06902e-01
     2.44369  3.18814e-01
     2.44854  3.35025e-01
     2.45339  3.53748e-01
     2.45823  3.71265e-01
     2.46308  3.83907e-01
     2.46793  3.91039e-01
     2.47277  3.94871e-01
     2.47762  3.97481e-01
     2.48246  3.98601e-01
     2.48731  3.99599e-01
     2.49216  3.99560e-01
     2.49700  3.98253e-01
     2.50185  3.95720e-01
     2.50669  3.92398e-01
     2.51154  3.88954e-01
     2.51639  3.86049e-01
     2.52123  3.84106e-01
     2.52608  3.83365e-01
     2.53093  3.83849e-01
     2.53577  3.85492e-01
     2.54062  3.87856e-01
     2.54546  3.90490e-01
     2.55031  3.93181e-01
     2.55516  3.95735e-01
     2.56000  3.97948e-01
     2.56485  3.99811e-01
     2.56969  4.01398e-01
     2.57454  4.03216e-01
     2.57939  4.04112e-01
     2.58423  4.05501e-01
     2.58908  4.06999e-01
     2.59392  4.08467e-01
     2.59877  4.09935e-01
     2.60362  4.10082e-01
     2.60846  4.09505e-01
     2.61331  4.08534e-01
     2.61816  4.08576e-01
     2.62300  4.08431e-01
     2.62785  4.08243e-01
     2.63269  4.08099e-01
     2.63754  4.08558e-01
     2.64239  4.08751e-01
     2.64723  4.09159e-01
     2.65208  4.09281e-01
     2.65692  4.09867e-01
     2.66177  4.09323e-01
     2.66662  4.09091e-01
     2.67146  4.09276e-01
     2.67631  4.09016e-01
     2.68116  4.09006e-01
     2.68600  4.08540e-01
     2.69085  4.08629e-01
     2.69569  4.07857e-01
     2.70054  4.08205e-01
     2.70539  4.08797e-01
     2.71023  4.09404e-01
     2.71508  4.09454e-01
     2.71992  4.09811e-01
     2.72477  4.09859e-01
     2.72962  4.09727e-01
     2.73446  4.09089e-01
     2.73931  4.08812e-01
     2.74416  4.08988e-01
     2.74900  4.08593e-01
     2.75385  4.07169e-01
     2.75869  4.05775e-01
     2.76354  4.05637e-01
     2.76839  4.06108e-01
     2.77323  4.06766e-01
     2.77808  4.07648e-01
     2.78292  4.08872e-01
     2.78777  4.09665e-01
     2.79262  4.10345e-01
     2.79746  4.10869e-01
     2.80231  4.11373e-01
     2.80715  4.11055e-01
     2.81200  4.10543e-01
     2.81685  4.09915e-01
     2.82169  4.09629e-01
     2.82654  4.09262e-01
     2.83139  4.08927e-01
     2.83623  4.08379e-01
     2.84108  4.08261e-01
     2.84592  4.08346e-01
     2.85077  4.08297e-01
     2.85562  4.07504e-01
     2.86046  4.06592e-01
     2.86531  4.06616e-01
     2.87015  4.06575e-01
     2.87500  4.06682e-01
     2.87985  4.06745e-01
     2.88469  4.06657e-01
     2.88954  4.05866e-01
     2.89439  4.06119e-01
     2.89923  4.05584e-01
     2.90408  4.04324e-01
     2.90892  4.02597e-01
     2.91377  4.00218e-01
     2.91862  3.98132e-01
     2.92346  3.95522e-01
     2.92831  3.93249e-01
     2.93315  3.90471e-01
     2.93800  3.87531e-01
     2.94285  3.85440e-01
     2.94769  3.84228e-01
     2.95254  3.83112e-01
     2.95738  3.81580e-01
     2.96223  3.80184e-01
     2.96708  3.78813e-01
     2.97192  3.77429e-01
     2.97677  3.76888e-01
     2.98162  3.75120e-01
     2.98646  3.72770e-01
     2.99131  3.70975e-01
     2.99615  3.69315e-01
     3.00100  3.67657e-01
     3.00585  3.65640e-01
     3.01069  3.64018e-01
     3.01554  3.62887e-01
     3.02038  3.61678e-01
     3.02523  3.59735e-01
     3.03008  3.57541e-01
     3.03492  3.56289e-01
     3.03977  3.55135e-01
     3.04462  3.54071e-01
     3.04946  3.53231e-01
     3.05431  3.51567e-01
     3.05915  3.49948e-01
     3.06400  3.49804e-01
     3.06885  3.50890e-01
     3.07369  3.51040e-01
     3.07854  3.50915e-01
     3.08338  3.51429e-01
     3.08823  3.51487e-01
     3.09308  3.50220e-01
     3.09792  3.46332e-01
     3.10277  3.37509e-01
     3.10761  3.22723e-01
     3.11246  3.01562e-01
     3.11731  2.74078e-01
     3.12215  2.41827e-01
     3.12700  2.06542e-01
     3.13185  1.70707e-01
     3.13669  1.36978e-01
     3.14154  1.07538e-01
     3.14638  8.31592e-02
     3.15123  6.38742e-02
     3.15608  4.89767e-02
     3.16092  3.76944e-02
     3.16577  2.92638e-02
     3.17061  2.29681e-02
     3.17546  1.83142e-02
     3.18031  1.47877e-02
     3.18515  1.20791e-02
     3.19000  9.99379e-03
     3.19485  8.36443e-03
     3.19969  7.08175e-03
     3.20454  6.03074e-03
     3.20938  5.16018e-03
     3.21423  4.42534e-03
     3.21908  3.79903e-03
     3.22392  3.25807e-03
     3.22877  2.77805e-03
     3.23361  2.34616e-03
     3.23846  1.96185e-03
     3.24331  1.62240e-03
     3.24815  1.32981e-03
     3.25300  1.07850e-03
     3.25784  8.65744e-04
     3.26269  6.88778e-04
     3.26754  5.42391e-04
     3.27238  4.23501e-04
     3.27723  3.29350e-04
     3.28208  2.56402e-04
     3.28692  2.00215e-04
     3.29177  1.58021e-04
     3.29661  1.26377e-04
     3.30146  0.00000e+00
