# microns transmission
     4.39285  0.00000e+00
     4.39542  1.13119e-04
     4.39800  1.28677e-04
     4.40057  1.48013e-04
     4.40314  1.66583e-04
     4.40572  1.84168e-04
     4.40829  2.05251e-04
     4.41086  2.29528e-04
     4.41344  2.57559e-04
     4.41601  2.90496e-04
     4.41858  3.33588e-04
     4.42116  3.82486e-04
     4.42373  4.34926e-04
     4.42631  4.91173e-04
     4.42888  5.56920e-04
     4.43145  6.33709e-04
     4.43403  7.23503e-04
     4.43660  8.27952e-04
     4.43917  9.49542e-04
     4.44175  1.09097e-03
     4.44432  1.25416e-03
     4.44689  1.44364e-03
     4.44947  1.66779e-03
     4.45204  1.93434e-03
     4.45461  2.24941e-03
     4.45719  2.62732e-03
     4.45976  3.08003e-03
     4.46233  3.62005e-03
     4.46491  4.27369e-03
     4.46748  5.06325e-03
     4.47005  6.02871e-03
     4.47263  7.20552e-03
     4.47520  8.65579e-03
     4.47777  1.04738e-02
     4.48035  1.27135e-02
     4.48292  1.54965e-02
     4.48550  1.89998e-02
     4.48807  2.33969e-02
     4.49064  2.89393e-02
     4.49322  3.59303e-02
     4.49579  4.47619e-02
     4.49836  5.59306e-02
     4.50094  6.99643e-02
     4.50351  8.74980e-02
     4.50608  1.08884e-01
     4.50866  1.34355e-01
     4.51123  1.63857e-01
     4.51380  1.96366e-01
     4.51638  2.30485e-01
     4.51895  2.64748e-01
     4.52152  2.96932e-01
     4.52410  3.26336e-01
     4.52667  3.50924e-01
     4.52924  3.71276e-01
     4.53182  3.87319e-01
     4.53439  3.98902e-01
     4.53696  4.07277e-01
     4.53954  4.12809e-01
     4.54211  4.16273e-01
     4.54468  4.18360e-01
     4.54726  4.19453e-01
     4.54983  4.20068e-01
     4.55240  4.20430e-01
     4.55498  4.20741e-01
     4.55755  4.21109e-01
     4.56013  4.21541e-01
     4.56270  4.22495e-01
     4.56527  4.23081e-01
     4.56785  4.23695e-01
     4.57042  4.24304e-01
     4.57299  4.25255e-01
     4.57557  4.25648e-01
     4.57814  4.25929e-01
     4.58071  4.26083e-01
     4.58329  4.26074e-01
     4.58586  4.25952e-01
     4.58843  4.25645e-01
     4.59101  4.25253e-01
     4.59358  4.24720e-01
     4.59615  4.24127e-01
     4.59873  4.23471e-01
     4.60130  4.22766e-01
     4.60387  4.22076e-01
     4.60645  4.21361e-01
     4.60902  4.20699e-01
     4.61159  4.20083e-01
     4.61417  4.19570e-01
     4.61674  4.19082e-01
     4.61932  4.18631e-01
     4.62189  4.18115e-01
     4.62446  4.17565e-01
     4.62704  4.17056e-01
     4.62961  4.16520e-01
     4.63218  4.16009e-01
     4.63476  4.15447e-01
     4.63733  4.14874e-01
     4.63990  4.14272e-01
     4.64248  4.13613e-01
     4.64505  4.12925e-01
     4.64762  4.12166e-01
     4.65020  4.11396e-01
     4.65277  4.10987e-01
     4.65534  4.10077e-01
     4.65792  4.09120e-01
     4.66049  4.08106e-01
     4.66306  4.07098e-01
     4.66564  4.06023e-01
     4.66821  4.04945e-01
     4.67078  4.03813e-01
     4.67336  4.02673e-01
     4.67593  4.01524e-01
     4.67850  4.00328e-01
     4.68108  3.99125e-01
     4.68365  3.97848e-01
     4.68623  3.96562e-01
     4.68880  3.95224e-01
     4.69137  3.93845e-01
     4.69395  3.92399e-01
     4.69652  3.90826e-01
     4.69909  3.89611e-01
     4.70167  3.87762e-01
     4.70424  3.85700e-01
     4.70681  3.83340e-01
     4.70939  3.80619e-01
     4.71196  3.77483e-01
     4.71453  3.73754e-01
     4.71711  3.69328e-01
     4.71968  3.63916e-01
     4.72225  3.57248e-01
     4.72483  3.49380e-01
     4.72740  3.39964e-01
     4.72997  3.28906e-01
     4.73255  3.16090e-01
     4.73512  3.01944e-01
     4.73769  2.85688e-01
     4.74027  2.67785e-01
     4.74284  2.48677e-01
     4.74541  2.28653e-01
     4.74799  2.07922e-01
     4.75056  1.87130e-01
     4.75314  1.66754e-01
     4.75571  1.47127e-01
     4.75828  1.28662e-01
     4.76086  1.11581e-01
     4.76343  9.60915e-02
     4.76600  8.22156e-02
     4.76858  7.00678e-02
     4.77115  5.94801e-02
     4.77372  5.03854e-02
     4.77630  4.26027e-02
     4.77887  3.60150e-02
     4.78144  3.04354e-02
     4.78402  2.57275e-02
     4.78659  2.17738e-02
     4.78916  1.84570e-02
     4.79174  1.56735e-02
     4.79431  1.33331e-02
     4.79688  1.13686e-02
     4.79946  9.72144e-03
     4.80203  8.33820e-03
     4.80460  7.16391e-03
     4.80718  6.16694e-03
     4.80975  5.32439e-03
     4.81233  4.60919e-03
     4.81490  4.00174e-03
     4.81747  3.48207e-03
     4.82005  3.03498e-03
     4.82262  2.65172e-03
     4.82519  2.32418e-03
     4.82777  2.04193e-03
     4.83034  1.79796e-03
     4.83291  1.58870e-03
     4.83549  1.40587e-03
     4.83806  1.24529e-03
     4.84063  1.10681e-03
     4.84321  9.86202e-04
     4.84578  8.81231e-04
     4.84835  7.88470e-04
     4.85093  7.06906e-04
     4.85350  6.33780e-04
     4.85607  5.68828e-04
     4.85865  5.12226e-04
     4.86122  4.59061e-04
     4.86379  4.13724e-04
     4.86637  3.77638e-04
     4.86894  3.43660e-04
     4.87151  3.12172e-04
     4.87409  2.85093e-04
     4.87666  2.61208e-04
     4.87924  2.40198e-04
     4.88181  2.19155e-04
     4.88438  2.01314e-04
     4.88696  1.86867e-04
     4.88953  1.71534e-04
     4.89210  1.56312e-04
     4.89468  1.44149e-04
     4.89725  1.33544e-04
     4.89982  1.22635e-04
     4.90240  1.12096e-04
     4.90497  0.00000e+00
