# microns transmission
     3.18620  0.00000e+00
     3.18680  1.20035e-04
     3.18740  1.36723e-04
     3.18799  1.51685e-04
     3.18859  1.66048e-04
     3.18919  1.83612e-04
     3.18979  2.04866e-04
     3.19038  2.25365e-04
     3.19098  2.42910e-04
     3.19158  2.60461e-04
     3.19218  2.85241e-04
     3.19277  3.10429e-04
     3.19337  3.38621e-04
     3.19397  3.68167e-04
     3.19457  4.03286e-04
     3.19516  4.45835e-04
     3.19576  4.90711e-04
     3.19636  5.47101e-04
     3.19696  6.03474e-04
     3.19755  6.78534e-04
     3.19815  7.55434e-04
     3.19875  8.53080e-04
     3.19935  9.61849e-04
     3.19994  1.08532e-03
     3.20054  1.23346e-03
     3.20114  1.38946e-03
     3.20174  1.60643e-03
     3.20233  1.82348e-03
     3.20293  2.11728e-03
     3.20353  2.42393e-03
     3.20413  2.82458e-03
     3.20472  3.28887e-03
     3.20532  3.83167e-03
     3.20592  4.52847e-03
     3.20652  5.25843e-03
     3.20711  6.37370e-03
     3.20771  7.48824e-03
     3.20831  9.15234e-03
     3.20891  1.09372e-02
     3.20950  1.34064e-02
     3.21010  1.64166e-02
     3.21070  2.00369e-02
     3.21130  2.52109e-02
     3.21189  3.04631e-02
     3.21249  3.92926e-02
     3.21309  4.81221e-02
     3.21369  6.11550e-02
     3.21428  7.54897e-02
     3.21488  9.30996e-02
     3.21548  1.13923e-01
     3.21608  1.35777e-01
     3.21667  1.60803e-01
     3.21727  1.85829e-01
     3.21787  2.07272e-01
     3.21847  2.28666e-01
     3.21906  2.44375e-01
     3.21966  2.57943e-01
     3.22026  2.67387e-01
     3.22086  2.72140e-01
     3.22145  2.75929e-01
     3.22205  2.75661e-01
     3.22265  2.75394e-01
     3.22325  2.74205e-01
     3.22385  2.72949e-01
     3.22444  2.72467e-01
     3.22504  2.72359e-01
     3.22564  2.73018e-01
     3.22624  2.74763e-01
     3.22683  2.76753e-01
     3.22743  2.80086e-01
     3.22803  2.83420e-01
     3.22863  2.87674e-01
     3.22922  2.92033e-01
     3.22982  2.96432e-01
     3.23042  3.00854e-01
     3.23102  3.04985e-01
     3.23161  3.08631e-01
     3.23221  3.12134e-01
     3.23281  3.14358e-01
     3.23341  3.16580e-01
     3.23400  3.17524e-01
     3.23460  3.18226e-01
     3.23520  3.18216e-01
     3.23580  3.17696e-01
     3.23639  3.16914e-01
     3.23699  3.15582e-01
     3.23759  3.14242e-01
     3.23819  3.12752e-01
     3.23878  3.11263e-01
     3.23938  3.10071e-01
     3.23998  3.08952e-01
     3.24058  3.08249e-01
     3.24117  3.07892e-01
     3.24177  3.07779e-01
     3.24237  3.08271e-01
     3.24297  3.08770e-01
     3.24356  3.09871e-01
     3.24416  3.10972e-01
     3.24476  3.12060e-01
     3.24536  3.13144e-01
     3.24595  3.13531e-01
     3.24655  3.13197e-01
     3.24715  3.12295e-01
     3.24775  3.09517e-01
     3.24834  3.06739e-01
     3.24894  3.00021e-01
     3.24954  2.93196e-01
     3.25014  2.83505e-01
     3.25073  2.72662e-01
     3.25133  2.60427e-01
     3.25193  2.46514e-01
     3.25253  2.32211e-01
     3.25312  2.16283e-01
     3.25372  2.00349e-01
     3.25432  1.84218e-01
     3.25492  1.68063e-01
     3.25551  1.52833e-01
     3.25611  1.38075e-01
     3.25671  1.24148e-01
     3.25731  1.11472e-01
     3.25790  9.91244e-02
     3.25850  8.87873e-02
     3.25910  7.84467e-02
     3.25970  7.00850e-02
     3.26029  6.19859e-02
     3.26089  5.50418e-02
     3.26149  4.87996e-02
     3.26209  4.31040e-02
     3.26269  3.83611e-02
     3.26328  3.37457e-02
     3.26388  3.01920e-02
     3.26448  2.66383e-02
     3.26507  2.37855e-02
     3.26567  2.10771e-02
     3.26627  1.87550e-02
     3.26687  1.67235e-02
     3.26747  1.48438e-02
     3.26806  1.32996e-02
     3.26866  1.17725e-02
     3.26926  1.06038e-02
     3.26986  9.43480e-03
     3.27045  8.47899e-03
     3.27105  7.57926e-03
     3.27165  6.79639e-03
     3.27225  6.11635e-03
     3.27284  5.47718e-03
     3.27344  4.94852e-03
     3.27404  4.42160e-03
     3.27464  4.02310e-03
     3.27523  3.62472e-03
     3.27583  3.28980e-03
     3.27643  2.97745e-03
     3.27703  2.69746e-03
     3.27762  2.45288e-03
     3.27822  2.22054e-03
     3.27882  2.03177e-03
     3.27942  1.84288e-03
     3.28001  1.68705e-03
     3.28061  1.53270e-03
     3.28121  1.40474e-03
     3.28181  1.28812e-03
     3.28240  1.17857e-03
     3.28300  1.07783e-03
     3.28360  9.81936e-04
     3.28420  9.07771e-04
     3.28479  8.33654e-04
     3.28539  7.68049e-04
     3.28599  7.03160e-04
     3.28659  6.50048e-04
     3.28718  6.02848e-04
     3.28778  5.57554e-04
     3.28838  5.15298e-04
     3.28898  4.74235e-04
     3.28957  4.41477e-04
     3.29017  4.08720e-04
     3.29077  3.81373e-04
     3.29137  3.54819e-04
     3.29196  3.29384e-04
     3.29256  3.04682e-04
     3.29316  2.83135e-04
     3.29376  2.67468e-04
     3.29435  2.51724e-04
     3.29495  2.35093e-04
     3.29555  2.18462e-04
     3.29615  2.09154e-04
     3.29674  2.01330e-04
     3.29734  1.90377e-04
     3.29794  1.77092e-04
     3.29854  1.65758e-04
     3.29913  1.59033e-04
     3.29973  1.52219e-04
     3.30033  1.43124e-04
     3.30093  1.34023e-04
     3.30153  1.27830e-04
     3.30212  1.22468e-04
     3.30272  1.18150e-04
     3.30332  1.14794e-04
     3.30392  1.10910e-04
     3.30451  1.05523e-04
     3.30511  0.00000e+00
