# microns transmission
     2.70111  0.00000e+00
     2.70419  1.14099e-04
     2.70728  1.27517e-04
     2.71036  1.39889e-04
     2.71344  1.59779e-04
     2.71652  1.75379e-04
     2.71961  1.98959e-04
     2.72269  2.27321e-04
     2.72577  2.58949e-04
     2.72885  2.97829e-04
     2.73194  3.50220e-04
     2.73502  4.11478e-04
     2.73810  4.91428e-04
     2.74119  5.97181e-04
     2.74427  7.27939e-04
     2.74735  8.97123e-04
     2.75043  1.10553e-03
     2.75352  1.35953e-03
     2.75660  1.68067e-03
     2.75968  2.06833e-03
     2.76276  2.53666e-03
     2.76585  3.09784e-03
     2.76893  3.75968e-03
     2.77201  4.52893e-03
     2.77510  5.41915e-03
     2.77818  6.46982e-03
     2.78126  7.70620e-03
     2.78434  9.17076e-03
     2.78743  1.09317e-02
     2.79051  1.30996e-02
     2.79359  1.57966e-02
     2.79667  1.91941e-02
     2.79976  2.35517e-02
     2.80284  2.92025e-02
     2.80592  3.64573e-02
     2.80900  4.59333e-02
     2.81209  5.82357e-02
     2.81517  7.40885e-02
     2.81825  9.42602e-02
     2.82134  1.18956e-01
     2.82442  1.48422e-01
     2.82750  1.81395e-01
     2.83058  2.16345e-01
     2.83367  2.50749e-01
     2.83675  2.82141e-01
     2.83983  3.09198e-01
     2.84291  3.31864e-01
     2.84600  3.49388e-01
     2.84908  3.62804e-01
     2.85216  3.72598e-01
     2.85525  3.79609e-01
     2.85833  3.84473e-01
     2.86141  3.87511e-01
     2.86449  3.89994e-01
     2.86758  3.91505e-01
     2.87066  3.92151e-01
     2.87374  3.92402e-01
     2.87682  3.92346e-01
     2.87991  3.92153e-01
     2.88299  3.91905e-01
     2.88607  3.91255e-01
     2.88916  3.91025e-01
     2.89224  3.91241e-01
     2.89532  3.91609e-01
     2.89840  3.91694e-01
     2.90149  3.91580e-01
     2.90457  3.91238e-01
     2.90765  3.90784e-01
     2.91073  3.89946e-01
     2.91382  3.89249e-01
     2.91690  3.88662e-01
     2.91998  3.88030e-01
     2.92307  3.87042e-01
     2.92615  3.86216e-01
     2.92923  3.85485e-01
     2.93231  3.84333e-01
     2.93540  3.83118e-01
     2.93848  3.81508e-01
     2.94156  3.80303e-01
     2.94464  3.79663e-01
     2.94773  3.78555e-01
     2.95081  3.77632e-01
     2.95389  3.76242e-01
     2.95698  3.74808e-01
     2.96006  3.73445e-01
     2.96314  3.72171e-01
     2.96622  3.71049e-01
     2.96931  3.70092e-01
     2.97239  3.69349e-01
     2.97547  3.69198e-01
     2.97855  3.69318e-01
     2.98164  3.68823e-01
     2.98472  3.68203e-01
     2.98780  3.67689e-01
     2.99089  3.67553e-01
     2.99397  3.67326e-01
     2.99705  3.67014e-01
     3.00013  3.66530e-01
     3.00322  3.65770e-01
     3.00630  3.64644e-01
     3.00938  3.63459e-01
     3.01246  3.62394e-01
     3.01555  3.61373e-01
     3.01863  3.60282e-01
     3.02171  3.58898e-01
     3.02479  3.57294e-01
     3.02788  3.55628e-01
     3.03096  3.54186e-01
     3.03404  3.53250e-01
     3.03713  3.52561e-01
     3.04021  3.51642e-01
     3.04329  3.51027e-01
     3.04637  3.50341e-01
     3.04946  3.49905e-01
     3.05254  3.48897e-01
     3.05562  3.47770e-01
     3.05870  3.46667e-01
     3.06179  3.46169e-01
     3.06487  3.46254e-01
     3.06795  3.46851e-01
     3.07104  3.47225e-01
     3.07412  3.47108e-01
     3.07720  3.47141e-01
     3.08028  3.47416e-01
     3.08337  3.48374e-01
     3.08645  3.49393e-01
     3.08953  3.50365e-01
     3.09261  3.51430e-01
     3.09570  3.52823e-01
     3.09878  3.53637e-01
     3.10186  3.54069e-01
     3.10495  3.54273e-01
     3.10803  3.54493e-01
     3.11111  3.54900e-01
     3.11419  3.55635e-01
     3.11728  3.56517e-01
     3.12036  3.57600e-01
     3.12344  3.59183e-01
     3.12652  3.59674e-01
     3.12961  3.58543e-01
     3.13269  3.54498e-01
     3.13577  3.46687e-01
     3.13886  3.34161e-01
     3.14194  3.16265e-01
     3.14502  2.93328e-01
     3.14810  2.66299e-01
     3.15119  2.36301e-01
     3.15427  2.05515e-01
     3.15735  1.75828e-01
     3.16043  1.48456e-01
     3.16352  1.24383e-01
     3.16660  1.03873e-01
     3.16968  8.66204e-02
     3.17277  7.25436e-02
     3.17585  6.10738e-02
     3.17893  5.16805e-02
     3.18201  4.39597e-02
     3.18510  3.76744e-02
     3.18818  3.25333e-02
     3.19126  2.82868e-02
     3.19434  2.47573e-02
     3.19743  2.18432e-02
     3.20051  1.93937e-02
     3.20359  1.72913e-02
     3.20668  1.54982e-02
     3.20976  1.39508e-02
     3.21284  1.25948e-02
     3.21592  1.14033e-02
     3.21901  1.03520e-02
     3.22209  9.41907e-03
     3.22517  8.55858e-03
     3.22825  7.77244e-03
     3.23134  7.04893e-03
     3.23442  6.37878e-03
     3.23750  5.74745e-03
     3.24058  5.15242e-03
     3.24367  4.60275e-03
     3.24675  4.08972e-03
     3.24983  3.60844e-03
     3.25292  3.16753e-03
     3.25600  2.76997e-03
     3.25908  2.39851e-03
     3.26216  2.07089e-03
     3.26525  1.77684e-03
     3.26833  1.51279e-03
     3.27141  1.28327e-03
     3.27449  1.08716e-03
     3.27758  9.17930e-04
     3.28066  7.71114e-04
     3.28374  6.47289e-04
     3.28683  5.42957e-04
     3.28991  4.53971e-04
     3.29299  3.77961e-04
     3.29607  3.15626e-04
     3.29916  2.63727e-04
     3.30224  2.20597e-04
     3.30532  1.84288e-04
     3.30840  1.51142e-04
     3.31149  1.26528e-04
     3.31457  0.00000e+00
