# microns transmission
     2.33977  0.00000e+00
     2.34920  1.73405e-04
     2.35862  3.56647e-04
     2.36805  1.04692e-03
     2.37748  3.39454e-03
     2.38691  1.06483e-02
     2.39633  2.93067e-02
     2.40576  6.58833e-02
     2.41519  1.29841e-01
     2.42462  2.15631e-01
     2.43404  2.96801e-01
     2.44347  3.63740e-01
     2.45290  3.94398e-01
     2.46233  4.01606e-01
     2.47175  4.04896e-01
     2.48118  4.08151e-01
     2.49061  4.09890e-01
     2.50004  4.02879e-01
     2.50946  4.01996e-01
     2.51889  4.00488e-01
     2.52832  4.00373e-01
     2.53775  4.01910e-01
     2.54717  4.02077e-01
     2.55660  3.99599e-01
     2.56603  3.95560e-01
     2.57546  3.94632e-01
     2.58488  3.98366e-01
     2.59431  4.05159e-01
     2.60374  4.14448e-01
     2.61317  4.16063e-01
     2.62259  4.15519e-01
     2.63202  4.12837e-01
     2.64145  4.12523e-01
     2.65088  4.13535e-01
     2.66030  4.15024e-01
     2.66973  4.13722e-01
     2.67916  4.13447e-01
     2.68859  4.12947e-01
     2.69801  4.12180e-01
     2.70744  4.14268e-01
     2.71687  4.16239e-01
     2.72630  4.17267e-01
     2.73572  4.16208e-01
     2.74515  4.14872e-01
     2.75458  4.10366e-01
     2.76401  4.08291e-01
     2.77343  4.09779e-01
     2.78286  4.13042e-01
     2.79229  4.16656e-01
     2.80172  4.19494e-01
     2.81114  4.20504e-01
     2.82057  4.20004e-01
     2.83000  4.19276e-01
     2.83943  4.17691e-01
     2.84885  4.17524e-01
     2.85828  4.15596e-01
     2.86771  4.13967e-01
     2.87714  4.12498e-01
     2.88656  4.10162e-01
     2.89599  4.09106e-01
     2.90542  4.07420e-01
     2.91485  4.05211e-01
     2.92427  4.02991e-01
     2.93370  4.00005e-01
     2.94313  3.95352e-01
     2.95256  3.91805e-01
     2.96198  3.86835e-01
     2.97141  3.82566e-01
     2.98084  3.80296e-01
     2.99027  3.77206e-01
     2.99969  3.75426e-01
     3.00912  3.72482e-01
     3.01855  3.69711e-01
     3.02798  3.64926e-01
     3.03740  3.61216e-01
     3.04683  3.58211e-01
     3.05626  3.55320e-01
     3.06569  3.54285e-01
     3.07511  3.54450e-01
     3.08454  3.55385e-01
     3.09397  3.58981e-01
     3.10340  3.62598e-01
     3.11282  3.65430e-01
     3.12225  3.69577e-01
     3.13168  3.74437e-01
     3.14111  3.78341e-01
     3.15053  3.83483e-01
     3.15996  3.88178e-01
     3.16939  3.92675e-01
     3.17882  3.99323e-01
     3.18824  4.04768e-01
     3.19767  4.10178e-01
     3.20710  4.15029e-01
     3.21653  4.18694e-01
     3.22595  4.23630e-01
     3.23538  4.27467e-01
     3.24481  4.30801e-01
     3.25424  4.34506e-01
     3.26366  4.38570e-01
     3.27309  4.42849e-01
     3.28252  4.46196e-01
     3.29195  4.50115e-01
     3.30137  4.53343e-01
     3.31080  4.55859e-01
     3.32023  4.58420e-01
     3.32966  4.60378e-01
     3.33908  4.59355e-01
     3.34851  4.50248e-01
     3.35794  4.28272e-01
     3.36737  4.26067e-01
     3.37679  4.49082e-01
     3.38622  4.65071e-01
     3.39565  4.67499e-01
     3.40508  4.64732e-01
     3.41450  4.62514e-01
     3.42393  4.61872e-01
     3.43336  4.62078e-01
     3.44279  4.61215e-01
     3.45221  4.61263e-01
     3.46164  4.62590e-01
     3.47107  4.66214e-01
     3.48050  4.69221e-01
     3.48992  4.73397e-01
     3.49935  4.78253e-01
     3.50878  4.82847e-01
     3.51821  4.87555e-01
     3.52763  4.90772e-01
     3.53706  4.93846e-01
     3.54649  4.95914e-01
     3.55592  4.97436e-01
     3.56534  4.98728e-01
     3.57477  5.00779e-01
     3.58420  5.02843e-01
     3.59363  5.04233e-01
     3.60305  5.05359e-01
     3.61248  5.06496e-01
     3.62191  5.07468e-01
     3.63134  5.07806e-01
     3.64076  5.08473e-01
     3.65019  5.09915e-01
     3.65962  5.11417e-01
     3.66905  5.12403e-01
     3.67847  5.13894e-01
     3.68790  5.15016e-01
     3.69733  5.15900e-01
     3.70676  5.15908e-01
     3.71618  5.16252e-01
     3.72561  5.16742e-01
     3.73504  5.17402e-01
     3.74447  5.18957e-01
     3.75389  5.19247e-01
     3.76332  5.19649e-01
     3.77275  5.20185e-01
     3.78218  5.21403e-01
     3.79160  5.22266e-01
     3.80103  5.22303e-01
     3.81046  5.22966e-01
     3.81989  5.23512e-01
     3.82931  5.23209e-01
     3.83874  5.23059e-01
     3.84817  5.22332e-01
     3.85760  5.21627e-01
     3.86702  5.20676e-01
     3.87645  5.19433e-01
     3.88588  5.18347e-01
     3.89531  5.17572e-01
     3.90473  5.17760e-01
     3.91416  5.18092e-01
     3.92359  5.18983e-01
     3.93302  5.19424e-01
     3.94244  5.19175e-01
     3.95187  5.15276e-01
     3.96130  5.04570e-01
     3.97073  4.84696e-01
     3.98015  4.52312e-01
     3.98958  4.06225e-01
     3.99901  3.49744e-01
     4.00844  2.88331e-01
     4.01786  2.28745e-01
     4.02729  1.75697e-01
     4.03672  1.31189e-01
     4.04615  9.60060e-02
     4.05557  6.91261e-02
     4.06500  4.91182e-02
     4.07443  3.45349e-02
     4.08386  2.40333e-02
     4.09328  1.65907e-02
     4.10271  1.14072e-02
     4.11214  7.80918e-03
     4.12156  5.34278e-03
     4.13099  3.66217e-03
     4.14042  2.51169e-03
     4.14985  1.73014e-03
     4.15928  1.19009e-03
     4.16870  8.24686e-04
     4.17813  5.72368e-04
     4.18756  3.97872e-04
     4.19699  2.74945e-04
     4.20641  1.84329e-04
     4.21584  0.00000e+00
