# microns transmission
     1.69040  0.00000e+00
     1.69346  1.33872e-04
     1.69651  1.81363e-04
     1.69957  2.53314e-04
     1.70262  3.62107e-04
     1.70568  5.26861e-04
     1.70873  7.70754e-04
     1.71179  1.12849e-03
     1.71484  1.64688e-03
     1.71790  2.42513e-03
     1.72095  3.59657e-03
     1.72401  5.47142e-03
     1.72706  8.54632e-03
     1.73012  1.38465e-02
     1.73317  2.25136e-02
     1.73623  3.34532e-02
     1.73928  4.56875e-02
     1.74234  6.24380e-02
     1.74539  8.75491e-02
     1.74845  1.26620e-01
     1.75151  1.82768e-01
     1.75456  2.46950e-01
     1.75762  3.05133e-01
     1.76067  3.48886e-01
     1.76373  3.83082e-01
     1.76678  4.12694e-01
     1.76984  4.35505e-01
     1.77289  4.51058e-01
     1.77595  4.57408e-01
     1.77900  4.59315e-01
     1.78206  4.59642e-01
     1.78511  4.60678e-01
     1.78817  4.61953e-01
     1.79122  4.62981e-01
     1.79428  4.61328e-01
     1.79733  4.58369e-01
     1.80039  4.53851e-01
     1.80345  4.49887e-01
     1.80650  4.47051e-01
     1.80956  4.46284e-01
     1.81261  4.47233e-01
     1.81567  4.49589e-01
     1.81872  4.52979e-01
     1.82178  4.56352e-01
     1.82483  4.59411e-01
     1.82789  4.62215e-01
     1.83094  4.64439e-01
     1.83400  4.66067e-01
     1.83705  4.66880e-01
     1.84011  4.67315e-01
     1.84316  4.66903e-01
     1.84622  4.65538e-01
     1.84927  4.63858e-01
     1.85233  4.61940e-01
     1.85538  4.60315e-01
     1.85844  4.59394e-01
     1.86150  4.57528e-01
     1.86455  4.56597e-01
     1.86761  4.56469e-01
     1.87066  4.57947e-01
     1.87372  4.60569e-01
     1.87677  4.62328e-01
     1.87983  4.63740e-01
     1.88288  4.66090e-01
     1.88594  4.67978e-01
     1.88899  4.69586e-01
     1.89205  4.70139e-01
     1.89510  4.71400e-01
     1.89816  4.71928e-01
     1.90121  4.72439e-01
     1.90427  4.73716e-01
     1.90732  4.75438e-01
     1.91038  4.75845e-01
     1.91344  4.77407e-01
     1.91649  4.76895e-01
     1.91955  4.76920e-01
     1.92260  4.75927e-01
     1.92566  4.74467e-01
     1.92871  4.74334e-01
     1.93177  4.72828e-01
     1.93482  4.71457e-01
     1.93788  4.70099e-01
     1.94093  4.70148e-01
     1.94399  4.71140e-01
     1.94704  4.72847e-01
     1.95010  4.73519e-01
     1.95315  4.74372e-01
     1.95621  4.74693e-01
     1.95926  4.71979e-01
     1.96232  4.74150e-01
     1.96537  4.76247e-01
     1.96843  4.76416e-01
     1.97149  4.75989e-01
     1.97454  4.75115e-01
     1.97760  4.75417e-01
     1.98065  4.76143e-01
     1.98371  4.76482e-01
     1.98676  4.76973e-01
     1.98982  4.78118e-01
     1.99287  4.78939e-01
     1.99593  4.77317e-01
     1.99898  4.77916e-01
     2.00204  4.79116e-01
     2.00509  4.79520e-01
     2.00815  4.78219e-01
     2.01120  4.78264e-01
     2.01426  4.78552e-01
     2.01731  4.80043e-01
     2.02037  4.80490e-01
     2.02343  4.82146e-01
     2.02648  4.85074e-01
     2.02954  4.86153e-01
     2.03259  4.86975e-01
     2.03565  4.86864e-01
     2.03870  4.87506e-01
     2.04176  4.86405e-01
     2.04481  4.83586e-01
     2.04787  4.81561e-01
     2.05092  4.80270e-01
     2.05398  4.79743e-01
     2.05703  4.79278e-01
     2.06009  4.79732e-01
     2.06314  4.81678e-01
     2.06620  4.83691e-01
     2.06925  4.86335e-01
     2.07231  4.89467e-01
     2.07536  4.91722e-01
     2.07842  4.91793e-01
     2.08148  4.92778e-01
     2.08453  4.93598e-01
     2.08759  4.92257e-01
     2.09064  4.90860e-01
     2.09370  4.89259e-01
     2.09675  4.88871e-01
     2.09981  4.86973e-01
     2.10286  4.85530e-01
     2.10592  4.85330e-01
     2.10897  4.83923e-01
     2.11203  4.82833e-01
     2.11508  4.81474e-01
     2.11814  4.81763e-01
     2.12119  4.81127e-01
     2.12425  4.80903e-01
     2.12730  4.81043e-01
     2.13036  4.80514e-01
     2.13341  4.81295e-01
     2.13647  4.81601e-01
     2.13953  4.83427e-01
     2.14258  4.84765e-01
     2.14564  4.86886e-01
     2.14869  4.87911e-01
     2.15175  4.88376e-01
     2.15480  4.87721e-01
     2.15786  4.87013e-01
     2.16091  4.85032e-01
     2.16397  4.82627e-01
     2.16702  4.80307e-01
     2.17008  4.77725e-01
     2.17313  4.75829e-01
     2.17619  4.74809e-01
     2.17924  4.74949e-01
     2.18230  4.74032e-01
     2.18535  4.76127e-01
     2.18841  4.76727e-01
     2.19147  4.78365e-01
     2.19452  4.80153e-01
     2.19758  4.82906e-01
     2.20063  4.84949e-01
     2.20369  4.86248e-01
     2.20674  4.84588e-01
     2.20980  4.78998e-01
     2.21285  4.64336e-01
     2.21591  4.35958e-01
     2.21896  3.91909e-01
     2.22202  3.34857e-01
     2.22507  2.70811e-01
     2.22813  2.11018e-01
     2.23118  1.62244e-01
     2.23424  1.23027e-01
     2.23729  8.99977e-02
     2.24035  6.32783e-02
     2.24341  4.30579e-02
     2.24646  2.86293e-02
     2.24952  1.88182e-02
     2.25257  1.24103e-02
     2.25563  8.16477e-03
     2.25868  5.41566e-03
     2.26174  3.59583e-03
     2.26479  2.42948e-03
     2.26785  1.66075e-03
     2.27090  1.16487e-03
     2.27396  8.33593e-04
     2.27701  6.11328e-04
     2.28007  4.56989e-04
     2.28312  3.50358e-04
     2.28618  2.70892e-04
     2.28923  2.12182e-04
     2.29229  1.66348e-04
     2.29534  1.31796e-04
     2.29840  0.00000e+00
