# microns transmission
     0.98920  0.00000e+00
     0.99090  1.58014e-04
     0.99261  2.08153e-04
     0.99431  2.71488e-04
     0.99601  3.58569e-04
     0.99772  6.94536e-03
     0.99942  3.05554e-02
     1.00112  4.73162e-02
     1.00283  5.71992e-02
     1.00453  6.95001e-02
     1.00624  8.59626e-02
     1.00794  1.07360e-01
     1.00964  1.33072e-01
     1.01135  1.62362e-01
     1.01305  1.93306e-01
     1.01475  2.20066e-01
     1.01646  2.38315e-01
     1.01816  2.47289e-01
     1.01986  2.49739e-01
     1.02157  2.50195e-01
     1.02327  2.50095e-01
     1.02497  2.50208e-01
     1.02668  2.51210e-01
     1.02838  2.52952e-01
     1.03008  2.54944e-01
     1.03179  2.57679e-01
     1.03349  2.60794e-01
     1.03519  2.63980e-01
     1.03690  2.65856e-01
     1.03860  2.68338e-01
     1.04031  2.70943e-01
     1.04201  2.71735e-01
     1.04371  2.72161e-01
     1.04542  2.73366e-01
     1.04712  2.74860e-01
     1.04882  2.76271e-01
     1.05053  2.77770e-01
     1.05223  2.80180e-01
     1.05393  2.81603e-01
     1.05564  2.82436e-01
     1.05734  2.81724e-01
     1.05904  2.81680e-01
     1.06075  2.80573e-01
     1.06245  2.79043e-01
     1.06415  2.77191e-01
     1.06586  2.75778e-01
     1.06756  2.73022e-01
     1.06927  2.70072e-01
     1.07097  2.66874e-01
     1.07267  2.64509e-01
     1.07438  2.61551e-01
     1.07608  2.60015e-01
     1.07778  2.58814e-01
     1.07949  2.58553e-01
     1.08119  2.58838e-01
     1.08289  2.60063e-01
     1.08460  2.61288e-01
     1.08630  2.63754e-01
     1.08800  2.66395e-01
     1.08971  2.70032e-01
     1.09141  2.74026e-01
     1.09311  2.78256e-01
     1.09482  2.82203e-01
     1.09652  2.85765e-01
     1.09823  2.89706e-01
     1.09993  2.92285e-01
     1.10163  2.93947e-01
     1.10334  2.95752e-01
     1.10504  2.97273e-01
     1.10674  2.97526e-01
     1.10845  2.97239e-01
     1.11015  2.97069e-01
     1.11185  2.97355e-01
     1.11356  2.96862e-01
     1.11526  2.96586e-01
     1.11696  2.95346e-01
     1.11867  2.94314e-01
     1.12037  2.93915e-01
     1.12207  2.92838e-01
     1.12378  2.91739e-01
     1.12548  2.92456e-01
     1.12718  2.93685e-01
     1.12889  2.95459e-01
     1.13059  2.97401e-01
     1.13230  2.99597e-01
     1.13400  3.01668e-01
     1.13570  3.03552e-01
     1.13741  3.05916e-01
     1.13911  3.07964e-01
     1.14081  3.09898e-01
     1.14252  3.13471e-01
     1.14422  3.17269e-01
     1.14592  3.20399e-01
     1.14763  3.23113e-01
     1.14933  3.26320e-01
     1.15103  3.29287e-01
     1.15274  3.32208e-01
     1.15444  3.34651e-01
     1.15614  3.37818e-01
     1.15785  3.41108e-01
     1.15955  3.44438e-01
     1.16126  3.46840e-01
     1.16296  3.49287e-01
     1.16466  3.51320e-01
     1.16637  3.52763e-01
     1.16807  3.54130e-01
     1.16977  3.54671e-01
     1.17148  3.55207e-01
     1.17318  3.55478e-01
     1.17488  3.56432e-01
     1.17659  3.56424e-01
     1.17829  3.56065e-01
     1.17999  3.55273e-01
     1.18170  3.56005e-01
     1.18340  3.55971e-01
     1.18510  3.55055e-01
     1.18681  3.53778e-01
     1.18851  3.53086e-01
     1.19021  3.54120e-01
     1.19192  3.52189e-01
     1.19362  3.50895e-01
     1.19533  3.49512e-01
     1.19703  3.48307e-01
     1.19873  3.48096e-01
     1.20044  3.47991e-01
     1.20214  3.48572e-01
     1.20384  3.48140e-01
     1.20555  3.48129e-01
     1.20725  3.47988e-01
     1.20895  3.48972e-01
     1.21066  3.49147e-01
     1.21236  3.49198e-01
     1.21406  3.50022e-01
     1.21577  3.50577e-01
     1.21747  3.50973e-01
     1.21917  3.52680e-01
     1.22088  3.54552e-01
     1.22258  3.57548e-01
     1.22429  3.59783e-01
     1.22599  3.62479e-01
     1.22769  3.65645e-01
     1.22940  3.68031e-01
     1.23110  3.70421e-01
     1.23280  3.72637e-01
     1.23451  3.74720e-01
     1.23621  3.76241e-01
     1.23791  3.77364e-01
     1.23962  3.78216e-01
     1.24132  3.79799e-01
     1.24302  3.81988e-01
     1.24473  3.84012e-01
     1.24643  3.85291e-01
     1.24813  3.86009e-01
     1.24984  3.87485e-01
     1.25154  3.89485e-01
     1.25325  3.90971e-01
     1.25495  3.90628e-01
     1.25665  3.91146e-01
     1.25836  3.91757e-01
     1.26006  3.91881e-01
     1.26176  3.92210e-01
     1.26347  3.91969e-01
     1.26517  3.91978e-01
     1.26687  3.91062e-01
     1.26858  3.90398e-01
     1.27028  3.87621e-01
     1.27198  3.80407e-01
     1.27369  3.68731e-01
     1.27539  3.48997e-01
     1.27709  3.17112e-01
     1.27880  2.74043e-01
     1.28050  2.25442e-01
     1.28220  1.78292e-01
     1.28391  1.39036e-01
     1.28561  1.07601e-01
     1.28732  8.27594e-02
     1.28902  6.42569e-02
     1.29072  5.08216e-02
     1.29243  4.05409e-02
     1.29413  3.28739e-02
     1.29583  2.67508e-02
     1.29754  2.06353e-02
     1.29924  1.48267e-02
     1.30094  1.04577e-02
     1.30265  7.32106e-03
     1.30435  5.13969e-03
     1.30605  3.62734e-03
     1.30776  2.59097e-03
     1.30946  1.87931e-03
     1.31116  1.37657e-03
     1.31287  1.02782e-03
     1.31457  7.72619e-04
     1.31628  5.83496e-04
     1.31798  4.47387e-04
     1.31968  3.45170e-04
     1.32139  2.68434e-04
     1.32309  2.12017e-04
     1.32479  1.68441e-04
     1.32650  1.34821e-04
     1.32820  0.00000e+00
