# microns transmission
     2.99298  0.00000e+00
     2.99919  1.37534e-04
     3.00541  1.86988e-04
     3.01162  2.54254e-04
     3.01783  3.44444e-04
     3.02404  4.61978e-04
     3.03026  6.19611e-04
     3.03647  8.38226e-04
     3.04268  1.14733e-03
     3.04890  1.59262e-03
     3.05511  2.23255e-03
     3.06132  3.17858e-03
     3.06753  4.60477e-03
     3.07375  6.74427e-03
     3.07996  9.95799e-03
     3.08617  1.48645e-02
     3.09239  2.22863e-02
     3.09860  3.33678e-02
     3.10481  4.93482e-02
     3.11103  7.18073e-02
     3.11724  1.01994e-01
     3.12345  1.40510e-01
     3.12966  1.85463e-01
     3.13588  2.32784e-01
     3.14209  2.78070e-01
     3.14830  3.16987e-01
     3.15452  3.45465e-01
     3.16073  3.63936e-01
     3.16694  3.74591e-01
     3.17315  3.81736e-01
     3.17937  3.87073e-01
     3.18558  3.91065e-01
     3.19179  3.94817e-01
     3.19801  3.98914e-01
     3.20422  4.02570e-01
     3.21043  4.05909e-01
     3.21665  4.08652e-01
     3.22286  4.12576e-01
     3.22907  4.16337e-01
     3.23528  4.19230e-01
     3.24150  4.21980e-01
     3.24771  4.25045e-01
     3.25392  4.27903e-01
     3.26014  4.30933e-01
     3.26635  4.33653e-01
     3.27256  4.36542e-01
     3.27877  4.38689e-01
     3.28499  4.40948e-01
     3.29120  4.43896e-01
     3.29741  4.46548e-01
     3.30363  4.49020e-01
     3.30984  4.51402e-01
     3.31605  4.54242e-01
     3.32226  4.56481e-01
     3.32848  4.58538e-01
     3.33469  4.58898e-01
     3.34090  4.57402e-01
     3.34712  4.50832e-01
     3.35333  4.39056e-01
     3.35954  4.23143e-01
     3.36576  4.23593e-01
     3.37197  4.31225e-01
     3.37818  4.50861e-01
     3.38439  4.60664e-01
     3.39061  4.66028e-01
     3.39682  4.65017e-01
     3.40303  4.63680e-01
     3.40925  4.62176e-01
     3.41546  4.61931e-01
     3.42167  4.61613e-01
     3.42788  4.62315e-01
     3.43410  4.62441e-01
     3.44031  4.62111e-01
     3.44652  4.61416e-01
     3.45274  4.61310e-01
     3.45895  4.61453e-01
     3.46516  4.63153e-01
     3.47137  4.64880e-01
     3.47759  4.65987e-01
     3.48380  4.68149e-01
     3.49001  4.70317e-01
     3.49623  4.73034e-01
     3.50244  4.75586e-01
     3.50865  4.78395e-01
     3.51486  4.81481e-01
     3.52108  4.83887e-01
     3.52729  4.85900e-01
     3.53350  4.87751e-01
     3.53972  4.90008e-01
     3.54593  4.91649e-01
     3.55214  4.93134e-01
     3.55836  4.94162e-01
     3.56457  4.95389e-01
     3.57078  4.97309e-01
     3.57699  4.98552e-01
     3.58321  4.99997e-01
     3.58942  5.01464e-01
     3.59563  5.02072e-01
     3.60185  5.02669e-01
     3.60806  5.03858e-01
     3.61427  5.04270e-01
     3.62048  5.05133e-01
     3.62670  5.05438e-01
     3.63291  5.05879e-01
     3.63912  5.06489e-01
     3.64534  5.07358e-01
     3.65155  5.08928e-01
     3.65776  5.10131e-01
     3.66398  5.11072e-01
     3.67019  5.12407e-01
     3.67640  5.13467e-01
     3.68261  5.14446e-01
     3.68883  5.15376e-01
     3.69504  5.16363e-01
     3.70125  5.16624e-01
     3.70747  5.16890e-01
     3.71368  5.17363e-01
     3.71989  5.17968e-01
     3.72610  5.18599e-01
     3.73232  5.19238e-01
     3.73853  5.20466e-01
     3.74474  5.21328e-01
     3.75096  5.21412e-01
     3.75717  5.21356e-01
     3.76338  5.21135e-01
     3.76959  5.20772e-01
     3.77581  5.20379e-01
     3.78202  5.20324e-01
     3.78823  5.20034e-01
     3.79445  5.19302e-01
     3.80066  5.18588e-01
     3.80687  5.18614e-01
     3.81308  5.18710e-01
     3.81930  5.19461e-01
     3.82551  5.19838e-01
     3.83172  5.20376e-01
     3.83794  5.21082e-01
     3.84415  5.21942e-01
     3.85036  5.22120e-01
     3.85658  5.21937e-01
     3.86279  5.21746e-01
     3.86900  5.20428e-01
     3.87521  5.18492e-01
     3.88143  5.16013e-01
     3.88764  5.13168e-01
     3.89385  5.10055e-01
     3.90007  5.07350e-01
     3.90628  5.03944e-01
     3.91249  5.00390e-01
     3.91870  4.96948e-01
     3.92492  4.91943e-01
     3.93113  4.85004e-01
     3.93734  4.75181e-01
     3.94356  4.61108e-01
     3.94977  4.41187e-01
     3.95598  4.14422e-01
     3.96219  3.81245e-01
     3.96841  3.42741e-01
     3.97462  3.01020e-01
     3.98083  2.58109e-01
     3.98705  2.15912e-01
     3.99326  1.76836e-01
     3.99947  1.42112e-01
     4.00569  1.12380e-01
     4.01190  8.77508e-02
     4.01811  6.79159e-02
     4.02432  5.22646e-02
     4.03054  3.99483e-02
     4.03675  3.04928e-02
     4.04296  2.32564e-02
     4.04918  1.77871e-02
     4.05539  1.36282e-02
     4.06160  1.04860e-02
     4.06781  8.09973e-03
     4.07403  6.29082e-03
     4.08024  4.91757e-03
     4.08645  3.86226e-03
     4.09267  3.04746e-03
     4.09888  2.42398e-03
     4.10509  1.94200e-03
     4.11130  1.56511e-03
     4.11752  1.27079e-03
     4.12373  1.03901e-03
     4.12994  8.53157e-04
     4.13616  7.06574e-04
     4.14237  5.89421e-04
     4.14858  4.92960e-04
     4.15479  4.18688e-04
     4.16101  3.54168e-04
     4.16722  3.02172e-04
     4.17343  2.62453e-04
     4.17965  2.28784e-04
     4.18586  1.99580e-04
     4.19207  1.75799e-04
     4.19829  1.56233e-04
     4.20450  1.38873e-04
     4.21071  1.27374e-04
     4.21692  1.19129e-04
     4.22314  1.09884e-04
     4.22935  0.00000e+00
