# microns transmission
     3.96992  0.00000e+00
     3.97076  1.15360e-04
     3.97159  1.23578e-04
     3.97243  1.31343e-04
     3.97326  1.38598e-04
     3.97410  1.45767e-04
     3.97493  1.53328e-04
     3.97577  1.61363e-04
     3.97660  1.69811e-04
     3.97744  1.79574e-04
     3.97827  1.89982e-04
     3.97911  2.01665e-04
     3.97994  2.14239e-04
     3.98078  2.27193e-04
     3.98161  2.39278e-04
     3.98245  2.51044e-04
     3.98328  2.62406e-04
     3.98412  2.75913e-04
     3.98495  2.90545e-04
     3.98579  3.07728e-04
     3.98662  3.27579e-04
     3.98746  3.49279e-04
     3.98829  3.76653e-04
     3.98913  4.06646e-04
     3.98996  4.41300e-04
     3.99080  4.81371e-04
     3.99163  5.24401e-04
     3.99247  5.74896e-04
     3.99330  6.29446e-04
     3.99414  6.88105e-04
     3.99498  7.51525e-04
     3.99581  8.17530e-04
     3.99665  8.89028e-04
     3.99748  9.66800e-04
     3.99832  1.04836e-03
     3.99915  1.14145e-03
     3.99999  1.24205e-03
     4.00082  1.35378e-03
     4.00166  1.48516e-03
     4.00249  1.62725e-03
     4.00333  1.79551e-03
     4.00416  1.98491e-03
     4.00500  2.19110e-03
     4.00583  2.44741e-03
     4.00667  2.72931e-03
     4.00750  3.05770e-03
     4.00834  3.44923e-03
     4.00917  3.87777e-03
     4.01001  4.41541e-03
     4.01084  5.02621e-03
     4.01168  5.71918e-03
     4.01251  6.60047e-03
     4.01335  7.58490e-03
     4.01418  8.80310e-03
     4.01502  1.02847e-02
     4.01585  1.19348e-02
     4.01669  1.42120e-02
     4.01753  1.68391e-02
     4.01836  2.00323e-02
     4.01920  2.42414e-02
     4.02003  2.90608e-02
     4.02087  3.55765e-02
     4.02170  4.35618e-02
     4.02254  5.28630e-02
     4.02337  6.58973e-02
     4.02421  8.09057e-02
     4.02504  9.98585e-02
     4.02588  1.22967e-01
     4.02671  1.48438e-01
     4.02755  1.78979e-01
     4.02838  2.10740e-01
     4.02922  2.44039e-01
     4.03005  2.76080e-01
     4.03089  3.06638e-01
     4.03172  3.32419e-01
     4.03256  3.53018e-01
     4.03339  3.69914e-01
     4.03423  3.78515e-01
     4.03506  3.84403e-01
     4.03590  3.85753e-01
     4.03673  3.84910e-01
     4.03757  3.83193e-01
     4.03840  3.81191e-01
     4.03924  3.79639e-01
     4.04007  3.78554e-01
     4.04091  3.78833e-01
     4.04174  3.79747e-01
     4.04258  3.81932e-01
     4.04342  3.85099e-01
     4.04425  3.88831e-01
     4.04509  3.93706e-01
     4.04592  3.98696e-01
     4.04676  4.03855e-01
     4.04759  4.08650e-01
     4.04843  4.13175e-01
     4.04926  4.16819e-01
     4.05010  4.19653e-01
     4.05093  4.21816e-01
     4.05177  4.22449e-01
     4.05260  4.22469e-01
     4.05344  4.21400e-01
     4.05427  4.19325e-01
     4.05511  4.16759e-01
     4.05594  4.13415e-01
     4.05678  4.09983e-01
     4.05761  4.06442e-01
     4.05845  4.03058e-01
     4.05928  3.99834e-01
     4.06012  3.97067e-01
     4.06095  3.94655e-01
     4.06179  3.92474e-01
     4.06262  3.90552e-01
     4.06346  3.88519e-01
     4.06429  3.86289e-01
     4.06513  3.82969e-01
     4.06597  3.78961e-01
     4.06680  3.72622e-01
     4.06764  3.64426e-01
     4.06847  3.54439e-01
     4.06931  3.40651e-01
     4.07014  3.25257e-01
     4.07098  3.06838e-01
     4.07181  2.85919e-01
     4.07265  2.63593e-01
     4.07348  2.38666e-01
     4.07432  2.13802e-01
     4.07515  1.89021e-01
     4.07599  1.65872e-01
     4.07682  1.43636e-01
     4.07766  1.23658e-01
     4.07849  1.05634e-01
     4.07933  8.90987e-02
     4.08016  7.57887e-02
     4.08100  6.36761e-02
     4.08183  5.35906e-02
     4.08267  4.53104e-02
     4.08350  3.79457e-02
     4.08434  3.23220e-02
     4.08517  2.73967e-02
     4.08601  2.32156e-02
     4.08684  1.99755e-02
     4.08768  1.70592e-02
     4.08851  1.47168e-02
     4.08935  1.27354e-02
     4.09019  1.09775e-02
     4.09102  9.63389e-03
     4.09186  8.40840e-03
     4.09269  7.37061e-03
     4.09353  6.51074e-03
     4.09436  5.73020e-03
     4.09520  5.09572e-03
     4.09603  4.53149e-03
     4.09687  4.02748e-03
     4.09770  3.61689e-03
     4.09854  3.23873e-03
     4.09937  2.91629e-03
     4.10021  2.63312e-03
     4.10104  2.37147e-03
     4.10188  2.15415e-03
     4.10271  1.95389e-03
     4.10355  1.77503e-03
     4.10438  1.62044e-03
     4.10522  1.47567e-03
     4.10605  1.34934e-03
     4.10689  1.23426e-03
     4.10772  1.12676e-03
     4.10856  1.03506e-03
     4.10939  9.48867e-04
     4.11023  8.71713e-04
     4.11106  8.02649e-04
     4.11190  7.37624e-04
     4.11274  6.81063e-04
     4.11357  6.28801e-04
     4.11441  5.80780e-04
     4.11524  5.39165e-04
     4.11608  5.00044e-04
     4.11691  4.65527e-04
     4.11775  4.34560e-04
     4.11858  4.05603e-04
     4.11942  3.80721e-04
     4.12025  3.57252e-04
     4.12109  3.35727e-04
     4.12192  3.16294e-04
     4.12276  2.97757e-04
     4.12359  2.80849e-04
     4.12443  2.64748e-04
     4.12526  2.49275e-04
     4.12610  2.34895e-04
     4.12693  2.20882e-04
     4.12777  2.07505e-04
     4.12860  1.94678e-04
     4.12944  1.82209e-04
     4.13027  1.71018e-04
     4.13111  1.60650e-04
     4.13194  1.51176e-04
     4.13278  1.42526e-04
     4.13361  1.34132e-04
     4.13445  1.26105e-04
     4.13528  1.18201e-04
     4.13612  0.00000e+00
