# microns transmission
     1.28235  0.00000e+00
     1.28363  1.34806e-04
     1.28490  1.55167e-04
     1.28618  1.80837e-04
     1.28746  2.23634e-04
     1.28873  2.67147e-04
     1.29001  3.32691e-04
     1.29128  4.00578e-04
     1.29256  5.01167e-04
     1.29384  6.12705e-04
     1.29511  7.88317e-04
     1.29639  1.00919e-03
     1.29767  1.29569e-03
     1.29894  1.66692e-03
     1.30022  2.13546e-03
     1.30150  2.78281e-03
     1.30277  3.57860e-03
     1.30405  4.64206e-03
     1.30532  5.63358e-03
     1.30660  7.34815e-03
     1.30788  8.80402e-03
     1.30915  1.03297e-02
     1.31043  1.18946e-02
     1.31171  1.35900e-02
     1.31298  1.54325e-02
     1.31426  1.78585e-02
     1.31554  2.12634e-02
     1.31681  2.49124e-02
     1.31809  2.96959e-02
     1.31937  3.62446e-02
     1.32064  4.30505e-02
     1.32192  5.22633e-02
     1.32319  6.50871e-02
     1.32447  7.63669e-02
     1.32575  9.46300e-02
     1.32702  1.15187e-01
     1.32830  1.42118e-01
     1.32958  1.70536e-01
     1.33085  2.02584e-01
     1.33213  2.40836e-01
     1.33341  2.78528e-01
     1.33468  3.12810e-01
     1.33596  3.37384e-01
     1.33723  3.65300e-01
     1.33851  3.72279e-01
     1.33979  3.86520e-01
     1.34106  3.88040e-01
     1.34234  3.95351e-01
     1.34362  3.89963e-01
     1.34489  3.93656e-01
     1.34617  3.94742e-01
     1.34745  3.92611e-01
     1.34872  3.98255e-01
     1.35000  3.99230e-01
     1.35127  3.94867e-01
     1.35255  3.99101e-01
     1.35383  3.94835e-01
     1.35510  3.98303e-01
     1.35638  3.97551e-01
     1.35766  3.95816e-01
     1.35893  3.93122e-01
     1.36021  3.98978e-01
     1.36149  3.98579e-01
     1.36276  3.94662e-01
     1.36404  3.96842e-01
     1.36531  3.98297e-01
     1.36659  3.96966e-01
     1.36787  3.97432e-01
     1.36914  3.96716e-01
     1.37042  3.97772e-01
     1.37170  3.94918e-01
     1.37297  3.96991e-01
     1.37425  3.92058e-01
     1.37553  3.93659e-01
     1.37680  3.88356e-01
     1.37808  3.88115e-01
     1.37935  3.85280e-01
     1.38063  3.84390e-01
     1.38191  3.81949e-01
     1.38318  3.80882e-01
     1.38446  3.82489e-01
     1.38574  3.79936e-01
     1.38701  3.81314e-01
     1.38829  3.79358e-01
     1.38957  3.79518e-01
     1.39084  3.80168e-01
     1.39212  3.82030e-01
     1.39340  3.80375e-01
     1.39467  3.80833e-01
     1.39595  3.79174e-01
     1.39722  3.79963e-01
     1.39850  3.88967e-01
     1.39978  3.83937e-01
     1.40105  3.84742e-01
     1.40233  3.86538e-01
     1.40361  3.90477e-01
     1.40488  3.93685e-01
     1.40616  3.90706e-01
     1.40744  3.96365e-01
     1.40871  3.97169e-01
     1.40999  4.00075e-01
     1.41126  4.00329e-01
     1.41254  4.02209e-01
     1.41382  4.01997e-01
     1.41509  4.05213e-01
     1.41637  4.07333e-01
     1.41765  4.09133e-01
     1.41892  4.10090e-01
     1.42020  4.06296e-01
     1.42148  4.14309e-01
     1.42275  4.10997e-01
     1.42403  4.12886e-01
     1.42530  4.12172e-01
     1.42658  4.14192e-01
     1.42786  4.11319e-01
     1.42913  4.12407e-01
     1.43041  4.17154e-01
     1.43169  4.14210e-01
     1.43296  4.12214e-01
     1.43424  4.12039e-01
     1.43552  4.11453e-01
     1.43679  4.10996e-01
     1.43807  4.11278e-01
     1.43934  4.10615e-01
     1.44062  4.12491e-01
     1.44190  4.10577e-01
     1.44317  4.13115e-01
     1.44445  4.12253e-01
     1.44573  4.13100e-01
     1.44700  4.13875e-01
     1.44828  4.16330e-01
     1.44956  4.16397e-01
     1.45083  4.14533e-01
     1.45211  4.18357e-01
     1.45339  4.20136e-01
     1.45466  4.20771e-01
     1.45594  4.18915e-01
     1.45721  4.20350e-01
     1.45849  4.25584e-01
     1.45977  4.22862e-01
     1.46104  4.23603e-01
     1.46232  4.24238e-01
     1.46360  4.24864e-01
     1.46487  4.25868e-01
     1.46615  4.22043e-01
     1.46743  4.25343e-01
     1.46870  4.14760e-01
     1.46998  4.08802e-01
     1.47125  3.98188e-01
     1.47253  3.80838e-01
     1.47381  3.56741e-01
     1.47508  3.26472e-01
     1.47636  2.97668e-01
     1.47764  2.57495e-01
     1.47891  2.18710e-01
     1.48019  1.82037e-01
     1.48147  1.50197e-01
     1.48274  1.21890e-01
     1.48402  1.00782e-01
     1.48529  8.21131e-02
     1.48657  6.70312e-02
     1.48785  5.58890e-02
     1.48912  4.61650e-02
     1.49040  3.84866e-02
     1.49168  3.23182e-02
     1.49295  2.76766e-02
     1.49423  2.33174e-02
     1.49551  2.09449e-02
     1.49678  1.82571e-02
     1.49806  1.57472e-02
     1.49933  1.35253e-02
     1.50061  1.09285e-02
     1.50189  8.62797e-03
     1.50316  6.78816e-03
     1.50444  5.36662e-03
     1.50572  4.26693e-03
     1.50699  3.43829e-03
     1.50827  2.78816e-03
     1.50955  2.29123e-03
     1.51082  1.87153e-03
     1.51210  1.54478e-03
     1.51338  1.27674e-03
     1.51465  1.09479e-03
     1.51593  9.12596e-04
     1.51720  7.70239e-04
     1.51848  6.61893e-04
     1.51976  5.62676e-04
     1.52103  4.86179e-04
     1.52231  4.15306e-04
     1.52359  3.68521e-04
     1.52486  3.17207e-04
     1.52614  2.77009e-04
     1.52742  2.42676e-04
     1.52869  2.14513e-04
     1.52997  1.86980e-04
     1.53124  1.66518e-04
     1.53252  1.45989e-04
     1.53380  1.29952e-04
     1.53507  1.14073e-04
     1.53635  0.00000e+00
