# microns transmission
     0.78355  0.00000e+00
     0.78482  2.83442e-04
     0.78608  7.12907e-04
     0.78735  1.91259e-03
     0.78862  5.49751e-03
     0.78988  1.61174e-02
     0.79115  3.75318e-02
     0.79241  7.13475e-02
     0.79368  1.15437e-01
     0.79495  1.58629e-01
     0.79621  1.95300e-01
     0.79748  2.22419e-01
     0.79875  2.39440e-01
     0.80001  2.49404e-01
     0.80128  2.54935e-01
     0.80254  2.57004e-01
     0.80381  2.58471e-01
     0.80508  2.59704e-01
     0.80634  2.58581e-01
     0.80761  2.53884e-01
     0.80888  2.48318e-01
     0.81014  2.45802e-01
     0.81141  2.47049e-01
     0.81268  2.50586e-01
     0.81394  2.53256e-01
     0.81521  2.54222e-01
     0.81647  2.53839e-01
     0.81774  2.56296e-01
     0.81901  2.61703e-01
     0.82027  2.68216e-01
     0.82154  2.73997e-01
     0.82281  2.76205e-01
     0.82407  2.76280e-01
     0.82534  2.73464e-01
     0.82661  2.69731e-01
     0.82787  2.68225e-01
     0.82914  2.68566e-01
     0.83040  2.69572e-01
     0.83167  2.70375e-01
     0.83294  2.69283e-01
     0.83420  2.67030e-01
     0.83547  2.66594e-01
     0.83674  2.67876e-01
     0.83800  2.70541e-01
     0.83927  2.73224e-01
     0.84053  2.75491e-01
     0.84180  2.77641e-01
     0.84307  2.79394e-01
     0.84433  2.80669e-01
     0.84560  2.81118e-01
     0.84687  2.81004e-01
     0.84813  2.79840e-01
     0.84940  2.80753e-01
     0.85067  2.82269e-01
     0.85193  2.83542e-01
     0.85320  2.82929e-01
     0.85446  2.82341e-01
     0.85573  2.80529e-01
     0.85700  2.80567e-01
     0.85826  2.81165e-01
     0.85953  2.80836e-01
     0.86080  2.82147e-01
     0.86206  2.81608e-01
     0.86333  2.80593e-01
     0.86460  2.82019e-01
     0.86586  2.84214e-01
     0.86713  2.87349e-01
     0.86839  2.88047e-01
     0.86966  2.90031e-01
     0.87093  2.91773e-01
     0.87219  2.92723e-01
     0.87346  2.93767e-01
     0.87473  2.93449e-01
     0.87599  2.90694e-01
     0.87726  2.91974e-01
     0.87852  2.91335e-01
     0.87979  2.88652e-01
     0.88106  2.89606e-01
     0.88232  2.88770e-01
     0.88359  2.87980e-01
     0.88486  2.86952e-01
     0.88612  2.81022e-01
     0.88739  2.83350e-01
     0.88866  2.89644e-01
     0.88992  2.87983e-01
     0.89119  2.92709e-01
     0.89245  2.97146e-01
     0.89372  2.98536e-01
     0.89499  2.99583e-01
     0.89625  2.98808e-01
     0.89752  2.97656e-01
     0.89879  2.96349e-01
     0.90005  2.94829e-01
     0.90132  2.92657e-01
     0.90259  2.91164e-01
     0.90385  2.88398e-01
     0.90512  2.87623e-01
     0.90638  2.86770e-01
     0.90765  2.85496e-01
     0.90892  2.87328e-01
     0.91018  2.89429e-01
     0.91145  2.91920e-01
     0.91272  2.95114e-01
     0.91398  2.99035e-01
     0.91525  3.02247e-01
     0.91651  3.07208e-01
     0.91778  3.09147e-01
     0.91905  3.11553e-01
     0.92031  3.11696e-01
     0.92158  3.12283e-01
     0.92285  3.11078e-01
     0.92411  3.08709e-01
     0.92538  3.06593e-01
     0.92665  3.04582e-01
     0.92791  3.02662e-01
     0.92918  3.02086e-01
     0.93044  3.01793e-01
     0.93171  3.02118e-01
     0.93298  3.01869e-01
     0.93424  3.01631e-01
     0.93551  3.01355e-01
     0.93678  3.01043e-01
     0.93804  3.00820e-01
     0.93931  3.01250e-01
     0.94058  3.03337e-01
     0.94184  3.05012e-01
     0.94311  3.07028e-01
     0.94437  3.09128e-01
     0.94564  3.10242e-01
     0.94691  3.10622e-01
     0.94817  3.09705e-01
     0.94944  3.09404e-01
     0.95071  3.08718e-01
     0.95197  3.08210e-01
     0.95324  3.06344e-01
     0.95450  3.04696e-01
     0.95577  3.04037e-01
     0.95704  3.03069e-01
     0.95830  3.03487e-01
     0.95957  3.03772e-01
     0.96084  3.04281e-01
     0.96210  3.06061e-01
     0.96337  3.08471e-01
     0.96464  3.11117e-01
     0.96590  3.12495e-01
     0.96717  3.13676e-01
     0.96843  3.14870e-01
     0.96970  3.16080e-01
     0.97097  3.15401e-01
     0.97223  3.15203e-01
     0.97350  3.14731e-01
     0.97477  3.12896e-01
     0.97603  3.12423e-01
     0.97730  3.10230e-01
     0.97857  3.08267e-01
     0.97983  3.06148e-01
     0.98110  3.05252e-01
     0.98236  3.06093e-01
     0.98363  3.07755e-01
     0.98490  3.10663e-01
     0.98616  3.13605e-01
     0.98743  3.16179e-01
     0.98870  3.17796e-01
     0.98996  3.18591e-01
     0.99123  3.18091e-01
     0.99249  3.17647e-01
     0.99376  3.15778e-01
     0.99503  3.14812e-01
     0.99629  3.14253e-01
     0.99756  3.13033e-01
     0.99883  3.08882e-01
     1.00009  2.99394e-01
     1.00136  2.79689e-01
     1.00263  2.45629e-01
     1.00389  2.00007e-01
     1.00516  1.55986e-01
     1.00642  1.20796e-01
     1.00769  9.25094e-02
     1.00896  7.26624e-02
     1.01022  5.76091e-02
     1.01149  4.62332e-02
     1.01276  3.85832e-02
     1.01402  3.19092e-02
     1.01529  2.65793e-02
     1.01656  2.24293e-02
     1.01782  1.81960e-02
     1.01909  1.43018e-02
     1.02035  1.05145e-02
     1.02162  7.28524e-03
     1.02289  4.89374e-03
     1.02415  3.26499e-03
     1.02542  2.09285e-03
     1.02669  1.33996e-03
     1.02795  8.91676e-04
     1.02922  5.89249e-04
     1.03048  4.08094e-04
     1.03175  2.81640e-04
     1.03302  1.99036e-04
     1.03428  1.42048e-04
     1.03555  0.00000e+00
