# microns transmission
     0.60315  0.00000e+00
     0.60416  1.25178e-03
     0.60516  4.16045e-03
     0.60617  1.04987e-02
     0.60717  2.10053e-02
     0.60818  3.48849e-02
     0.60918  4.98707e-02
     0.61019  6.36226e-02
     0.61119  7.46557e-02
     0.61220  8.28617e-02
     0.61320  8.87054e-02
     0.61421  9.33513e-02
     0.61521  9.73453e-02
     0.61622  1.01613e-01
     0.61722  1.06314e-01
     0.61823  1.11132e-01
     0.61923  1.15909e-01
     0.62024  1.20138e-01
     0.62124  1.23535e-01
     0.62225  1.26316e-01
     0.62325  1.28434e-01
     0.62426  1.30424e-01
     0.62526  1.32059e-01
     0.62627  1.33294e-01
     0.62727  1.34263e-01
     0.62828  1.34935e-01
     0.62928  1.35301e-01
     0.63029  1.35540e-01
     0.63129  1.35695e-01
     0.63230  1.36085e-01
     0.63330  1.37476e-01
     0.63431  1.39675e-01
     0.63531  1.42283e-01
     0.63632  1.45046e-01
     0.63732  1.47393e-01
     0.63833  1.49318e-01
     0.63933  1.51026e-01
     0.64034  1.52524e-01
     0.64134  1.54258e-01
     0.64235  1.55965e-01
     0.64335  1.57409e-01
     0.64436  1.58575e-01
     0.64536  1.59432e-01
     0.64637  1.60162e-01
     0.64737  1.61067e-01
     0.64838  1.62294e-01
     0.64938  1.63765e-01
     0.65039  1.65413e-01
     0.65139  1.66590e-01
     0.65240  1.67375e-01
     0.65340  1.67859e-01
     0.65441  1.68006e-01
     0.65541  1.67928e-01
     0.65642  1.67850e-01
     0.65742  1.67598e-01
     0.65843  1.67603e-01
     0.65943  1.68092e-01
     0.66044  1.69006e-01
     0.66144  1.70166e-01
     0.66245  1.71942e-01
     0.66345  1.74245e-01
     0.66446  1.76773e-01
     0.66546  1.78960e-01
     0.66647  1.80449e-01
     0.66747  1.81072e-01
     0.66848  1.81307e-01
     0.66948  1.81324e-01
     0.67049  1.81054e-01
     0.67149  1.80641e-01
     0.67250  1.80330e-01
     0.67350  1.80213e-01
     0.67451  1.80046e-01
     0.67551  1.80078e-01
     0.67652  1.80623e-01
     0.67752  1.81501e-01
     0.67853  1.82732e-01
     0.67953  1.84646e-01
     0.68054  1.86881e-01
     0.68154  1.88813e-01
     0.68255  1.90142e-01
     0.68355  1.91203e-01
     0.68456  1.92311e-01
     0.68556  1.93333e-01
     0.68657  1.94379e-01
     0.68757  1.95397e-01
     0.68858  1.96743e-01
     0.68958  1.98194e-01
     0.69059  1.99067e-01
     0.69159  1.98853e-01
     0.69260  1.97382e-01
     0.69360  1.94915e-01
     0.69461  1.91906e-01
     0.69561  1.89133e-01
     0.69662  1.87518e-01
     0.69762  1.87466e-01
     0.69863  1.89061e-01
     0.69963  1.92025e-01
     0.70064  1.95836e-01
     0.70164  1.99440e-01
     0.70265  2.02305e-01
     0.70365  2.04509e-01
     0.70466  2.05707e-01
     0.70566  2.06447e-01
     0.70667  2.07128e-01
     0.70767  2.07997e-01
     0.70868  2.09296e-01
     0.70968  2.10118e-01
     0.71069  2.10034e-01
     0.71169  2.08851e-01
     0.71270  2.06833e-01
     0.71370  2.04954e-01
     0.71471  2.03989e-01
     0.71571  2.03940e-01
     0.71672  2.04185e-01
     0.71772  2.03979e-01
     0.71873  2.02742e-01
     0.71973  2.00698e-01
     0.72074  1.98808e-01
     0.72174  1.98458e-01
     0.72275  2.00557e-01
     0.72375  2.04838e-01
     0.72476  2.10463e-01
     0.72576  2.16387e-01
     0.72677  2.21561e-01
     0.72777  2.25373e-01
     0.72878  2.27951e-01
     0.72978  2.29471e-01
     0.73079  2.29573e-01
     0.73179  2.28776e-01
     0.73280  2.27283e-01
     0.73380  2.24966e-01
     0.73481  2.22346e-01
     0.73581  2.19997e-01
     0.73682  2.18274e-01
     0.73782  2.17635e-01
     0.73883  2.18024e-01
     0.73983  2.18770e-01
     0.74084  2.19661e-01
     0.74184  2.20447e-01
     0.74285  2.21658e-01
     0.74385  2.23981e-01
     0.74486  2.27445e-01
     0.74586  2.31209e-01
     0.74687  2.35259e-01
     0.74787  2.38574e-01
     0.74888  2.41177e-01
     0.74988  2.42713e-01
     0.75089  2.43415e-01
     0.75189  2.43491e-01
     0.75290  2.42162e-01
     0.75390  2.39710e-01
     0.75491  2.35898e-01
     0.75591  2.31536e-01
     0.75692  2.27805e-01
     0.75792  2.25598e-01
     0.75893  2.24563e-01
     0.75993  2.24662e-01
     0.76094  2.25408e-01
     0.76194  2.26389e-01
     0.76295  2.28459e-01
     0.76395  2.31601e-01
     0.76496  2.36057e-01
     0.76596  2.40942e-01
     0.76697  2.45282e-01
     0.76797  2.47593e-01
     0.76898  2.47999e-01
     0.76998  2.46943e-01
     0.77099  2.44752e-01
     0.77199  2.42202e-01
     0.77300  2.38654e-01
     0.77400  2.34406e-01
     0.77501  2.29131e-01
     0.77601  2.22904e-01
     0.77702  2.14250e-01
     0.77802  2.01278e-01
     0.77903  1.82874e-01
     0.78003  1.59569e-01
     0.78104  1.33262e-01
     0.78204  1.06407e-01
     0.78305  8.13181e-02
     0.78405  5.96603e-02
     0.78506  4.21831e-02
     0.78606  2.88302e-02
     0.78707  1.92677e-02
     0.78807  1.27742e-02
     0.78908  8.55254e-03
     0.79008  5.87356e-03
     0.79109  4.10367e-03
     0.79209  2.93201e-03
     0.79310  2.08094e-03
     0.79410  1.49056e-03
     0.79511  1.08373e-03
     0.79611  7.94696e-04
     0.79712  5.87243e-04
     0.79812  4.36170e-04
     0.79913  3.26771e-04
     0.80013  2.47287e-04
     0.80114  1.88253e-04
     0.80214  1.43965e-04
     0.80315  0.00000e+00
