# microns transmission
     1.48640  0.00000e+00
     1.48787  1.21890e-04
     1.48934  1.46732e-04
     1.49082  1.78048e-04
     1.49229  2.16222e-04
     1.49376  2.65095e-04
     1.49523  3.19818e-04
     1.49671  3.99806e-04
     1.49818  5.05330e-04
     1.49965  6.31249e-04
     1.50112  7.99831e-04
     1.50260  1.00360e-03
     1.50407  1.26688e-03
     1.50554  1.62217e-03
     1.50701  2.06774e-03
     1.50849  2.57808e-03
     1.50996  3.24786e-03
     1.51143  4.15993e-03
     1.51290  5.16284e-03
     1.51437  6.26438e-03
     1.51585  8.11453e-03
     1.51732  1.01185e-02
     1.51879  1.23092e-02
     1.52026  1.43286e-02
     1.52174  1.65103e-02
     1.52321  1.93376e-02
     1.52468  2.21704e-02
     1.52615  2.63914e-02
     1.52763  3.12918e-02
     1.52910  3.78465e-02
     1.53057  4.60399e-02
     1.53204  5.61259e-02
     1.53352  6.93669e-02
     1.53499  8.57709e-02
     1.53646  1.04797e-01
     1.53793  1.31030e-01
     1.53941  1.61683e-01
     1.54088  1.98407e-01
     1.54235  2.38129e-01
     1.54382  2.75565e-01
     1.54529  3.14776e-01
     1.54677  3.42923e-01
     1.54824  3.67433e-01
     1.54971  3.81345e-01
     1.55118  3.88764e-01
     1.55266  3.95735e-01
     1.55413  3.98933e-01
     1.55560  4.04256e-01
     1.55707  4.04620e-01
     1.55855  4.02194e-01
     1.56002  4.08875e-01
     1.56149  4.09291e-01
     1.56296  4.16865e-01
     1.56444  4.11247e-01
     1.56591  4.14696e-01
     1.56738  4.16141e-01
     1.56885  4.16693e-01
     1.57032  4.15813e-01
     1.57180  4.18171e-01
     1.57327  4.13188e-01
     1.57474  4.22880e-01
     1.57621  4.23388e-01
     1.57769  4.19955e-01
     1.57916  4.18925e-01
     1.58063  4.33047e-01
     1.58210  4.30797e-01
     1.58358  4.25644e-01
     1.58505  4.28848e-01
     1.58652  4.26549e-01
     1.58799  4.27162e-01
     1.58947  4.27333e-01
     1.59094  4.27467e-01
     1.59241  4.23375e-01
     1.59388  4.25375e-01
     1.59535  4.23177e-01
     1.59683  4.23849e-01
     1.59830  4.21089e-01
     1.59977  4.21910e-01
     1.60124  4.23447e-01
     1.60272  4.24152e-01
     1.60419  4.25039e-01
     1.60566  4.25446e-01
     1.60713  4.19751e-01
     1.60861  4.22463e-01
     1.61008  4.21482e-01
     1.61155  4.22118e-01
     1.61302  4.18464e-01
     1.61450  4.14470e-01
     1.61597  4.19211e-01
     1.61744  4.21257e-01
     1.61891  4.15840e-01
     1.62038  4.22387e-01
     1.62186  4.17108e-01
     1.62333  4.17942e-01
     1.62480  4.15754e-01
     1.62627  4.29415e-01
     1.62775  4.21020e-01
     1.62922  4.22339e-01
     1.63069  4.21652e-01
     1.63216  4.22735e-01
     1.63364  4.21498e-01
     1.63511  4.26480e-01
     1.63658  4.29286e-01
     1.63805  4.26588e-01
     1.63953  4.29630e-01
     1.64100  4.30836e-01
     1.64247  4.31594e-01
     1.64394  4.31976e-01
     1.64542  4.33874e-01
     1.64689  4.30521e-01
     1.64836  4.34497e-01
     1.64983  4.35172e-01
     1.65130  4.40765e-01
     1.65278  4.31786e-01
     1.65425  4.35252e-01
     1.65572  4.32287e-01
     1.65719  4.32564e-01
     1.65867  4.30943e-01
     1.66014  4.35378e-01
     1.66161  4.30725e-01
     1.66308  4.28998e-01
     1.66456  4.30976e-01
     1.66603  4.27795e-01
     1.66750  4.30574e-01
     1.66897  4.28316e-01
     1.67045  4.25979e-01
     1.67192  4.23212e-01
     1.67339  4.27378e-01
     1.67486  4.28108e-01
     1.67633  4.32893e-01
     1.67781  4.28220e-01
     1.67928  4.33472e-01
     1.68075  4.30587e-01
     1.68222  4.28710e-01
     1.68370  4.38157e-01
     1.68517  4.35592e-01
     1.68664  4.31040e-01
     1.68811  4.32872e-01
     1.68959  4.27872e-01
     1.69106  4.32950e-01
     1.69253  4.34226e-01
     1.69400  4.28647e-01
     1.69548  4.36794e-01
     1.69695  4.25861e-01
     1.69842  4.25644e-01
     1.69989  4.16629e-01
     1.70136  4.11476e-01
     1.70284  3.98808e-01
     1.70431  3.82263e-01
     1.70578  3.63855e-01
     1.70725  3.42861e-01
     1.70873  3.12730e-01
     1.71020  2.80504e-01
     1.71167  2.46853e-01
     1.71314  2.19919e-01
     1.71462  1.85230e-01
     1.71609  1.57532e-01
     1.71756  1.31339e-01
     1.71903  1.09818e-01
     1.72051  9.18895e-02
     1.72198  7.62265e-02
     1.72345  6.38859e-02
     1.72492  5.31263e-02
     1.72639  4.65861e-02
     1.72787  3.95446e-02
     1.72934  3.35694e-02
     1.73081  2.95694e-02
     1.73228  2.48540e-02
     1.73376  2.02223e-02
     1.73523  1.60206e-02
     1.73670  1.26757e-02
     1.73817  1.01997e-02
     1.73965  8.13645e-03
     1.74112  6.52154e-03
     1.74259  5.25619e-03
     1.74406  4.14697e-03
     1.74554  3.37353e-03
     1.74701  2.82720e-03
     1.74848  2.29593e-03
     1.74995  1.89751e-03
     1.75143  1.57593e-03
     1.75290  1.30763e-03
     1.75437  1.11945e-03
     1.75584  9.18809e-04
     1.75731  7.98675e-04
     1.75879  6.82613e-04
     1.76026  5.74600e-04
     1.76173  4.97416e-04
     1.76320  4.23161e-04
     1.76468  3.69511e-04
     1.76615  3.29108e-04
     1.76762  2.86078e-04
     1.76909  2.50995e-04
     1.77057  2.16439e-04
     1.77204  1.95296e-04
     1.77351  1.72222e-04
     1.77498  1.51662e-04
     1.77646  1.39453e-04
     1.77793  1.19536e-04
     1.77940  0.00000e+00
