# microns transmission
     1.66350  0.00000e+00
     1.66541  1.34429e-04
     1.66733  1.78818e-04
     1.66924  2.34741e-04
     1.67116  3.07869e-04
     1.67307  3.96264e-04
     1.67499  5.15349e-04
     1.67690  6.56411e-04
     1.67882  8.04807e-04
     1.68073  1.00996e-03
     1.68265  1.24440e-03
     1.68456  1.51063e-03
     1.68647  1.83146e-03
     1.68839  2.19785e-03
     1.69030  2.72375e-03
     1.69222  3.39318e-03
     1.69413  4.36137e-03
     1.69605  5.61558e-03
     1.69796  7.80219e-03
     1.69988  1.09774e-02
     1.70179  1.55807e-02
     1.70371  2.17426e-02
     1.70562  2.66097e-02
     1.70754  3.23247e-02
     1.70945  4.14009e-02
     1.71136  5.17505e-02
     1.71328  6.74574e-02
     1.71519  9.04512e-02
     1.71711  1.24894e-01
     1.71902  1.69200e-01
     1.72094  2.21188e-01
     1.72285  2.77637e-01
     1.72477  3.16797e-01
     1.72668  3.43763e-01
     1.72860  3.57918e-01
     1.73051  3.62791e-01
     1.73242  3.80216e-01
     1.73434  3.92684e-01
     1.73625  4.07360e-01
     1.73817  4.21961e-01
     1.74008  4.34070e-01
     1.74200  4.42617e-01
     1.74391  4.49391e-01
     1.74583  4.53777e-01
     1.74774  4.50052e-01
     1.74966  4.45991e-01
     1.75157  4.51378e-01
     1.75348  4.51401e-01
     1.75540  4.52979e-01
     1.75731  4.59286e-01
     1.75923  4.58158e-01
     1.76114  4.63592e-01
     1.76306  4.63893e-01
     1.76497  4.58932e-01
     1.76689  4.67915e-01
     1.76880  4.63402e-01
     1.77072  4.63616e-01
     1.77263  4.60829e-01
     1.77455  4.59963e-01
     1.77646  4.53809e-01
     1.77837  4.52354e-01
     1.78029  4.58948e-01
     1.78220  4.51877e-01
     1.78412  4.56209e-01
     1.78603  4.48966e-01
     1.78795  4.49969e-01
     1.78986  4.44213e-01
     1.79178  4.43268e-01
     1.79369  4.42843e-01
     1.79561  4.45179e-01
     1.79752  4.38553e-01
     1.79943  4.43052e-01
     1.80135  4.42989e-01
     1.80326  4.46507e-01
     1.80518  4.41842e-01
     1.80709  4.56956e-01
     1.80901  4.54944e-01
     1.81092  4.60002e-01
     1.81284  4.58666e-01
     1.81475  4.58647e-01
     1.81667  4.66812e-01
     1.81858  4.64849e-01
     1.82049  4.68295e-01
     1.82241  4.69289e-01
     1.82432  4.69767e-01
     1.82624  4.73372e-01
     1.82815  4.68649e-01
     1.83007  4.66154e-01
     1.83198  4.74206e-01
     1.83390  4.67706e-01
     1.83581  4.65415e-01
     1.83773  4.66177e-01
     1.83964  4.64151e-01
     1.84156  4.60091e-01
     1.84347  4.65982e-01
     1.84538  4.60638e-01
     1.84730  4.58601e-01
     1.84921  4.54621e-01
     1.85113  4.52473e-01
     1.85304  4.49852e-01
     1.85496  4.45994e-01
     1.85687  4.50006e-01
     1.85879  4.50911e-01
     1.86070  4.49001e-01
     1.86262  4.49251e-01
     1.86453  4.53540e-01
     1.86644  4.57052e-01
     1.86836  4.59833e-01
     1.87027  4.64424e-01
     1.87219  4.64260e-01
     1.87410  4.72019e-01
     1.87602  4.70823e-01
     1.87793  4.75409e-01
     1.87985  4.74314e-01
     1.88176  4.75007e-01
     1.88368  4.74706e-01
     1.88559  4.73222e-01
     1.88751  4.78976e-01
     1.88942  4.74310e-01
     1.89133  4.70102e-01
     1.89325  4.70003e-01
     1.89516  4.69139e-01
     1.89708  4.69107e-01
     1.89899  4.62855e-01
     1.90091  4.63681e-01
     1.90282  4.58106e-01
     1.90474  4.60614e-01
     1.90665  4.56948e-01
     1.90857  4.60896e-01
     1.91048  4.53647e-01
     1.91239  4.53626e-01
     1.91431  4.52910e-01
     1.91622  4.59248e-01
     1.91814  4.55655e-01
     1.92005  4.56601e-01
     1.92197  4.62794e-01
     1.92388  4.61411e-01
     1.92580  4.66280e-01
     1.92771  4.69172e-01
     1.92963  4.74543e-01
     1.93154  4.76417e-01
     1.93345  4.77406e-01
     1.93537  4.70193e-01
     1.93728  4.70672e-01
     1.93920  4.76706e-01
     1.94111  4.73935e-01
     1.94303  4.74875e-01
     1.94494  4.78602e-01
     1.94686  4.76428e-01
     1.94877  4.78349e-01
     1.95069  4.73505e-01
     1.95260  4.73105e-01
     1.95451  4.69678e-01
     1.95643  4.52682e-01
     1.95834  4.22962e-01
     1.96026  3.92199e-01
     1.96217  3.63325e-01
     1.96409  3.20649e-01
     1.96600  2.77561e-01
     1.96792  2.33631e-01
     1.96983  1.93623e-01
     1.97175  1.58935e-01
     1.97366  1.31023e-01
     1.97558  1.06219e-01
     1.97749  8.78661e-02
     1.97940  7.41837e-02
     1.98132  6.09792e-02
     1.98323  4.88495e-02
     1.98515  3.93918e-02
     1.98706  2.99146e-02
     1.98898  2.34833e-02
     1.99089  1.83425e-02
     1.99281  1.40277e-02
     1.99472  1.07535e-02
     1.99664  8.12544e-03
     1.99855  6.31829e-03
     2.00046  5.01737e-03
     2.00238  3.94150e-03
     2.00429  3.15283e-03
     2.00621  2.49433e-03
     2.00812  1.98858e-03
     2.01004  1.62586e-03
     2.01195  1.33054e-03
     2.01387  1.08081e-03
     2.01578  8.84122e-04
     2.01770  7.57525e-04
     2.01961  6.17367e-04
     2.02153  5.23494e-04
     2.02344  4.49782e-04
     2.02535  3.76434e-04
     2.02727  3.26950e-04
     2.02918  2.87054e-04
     2.03110  2.48492e-04
     2.03301  2.21571e-04
     2.03493  1.91091e-04
     2.03684  1.69946e-04
     2.03876  1.45892e-04
     2.04067  1.37045e-04
     2.04259  1.20524e-04
     2.04450  0.00000e+00
