# microns transmission
     2.07930  0.00000e+00
     2.07972  1.21201e-04
     2.08014  1.34933e-04
     2.08057  1.51750e-04
     2.08099  1.70360e-04
     2.08141  1.91266e-04
     2.08183  2.18585e-04
     2.08225  2.45916e-04
     2.08268  2.84129e-04
     2.08310  3.23650e-04
     2.08352  3.71544e-04
     2.08394  4.27101e-04
     2.08437  4.87317e-04
     2.08479  5.73394e-04
     2.08521  6.59311e-04
     2.08563  7.79053e-04
     2.08605  9.07947e-04
     2.08648  1.07056e-03
     2.08690  1.27964e-03
     2.08732  1.49391e-03
     2.08774  1.81014e-03
     2.08816  2.12637e-03
     2.08859  2.57011e-03
     2.08901  3.07395e-03
     2.08943  3.66658e-03
     2.08985  4.45719e-03
     2.09027  5.24780e-03
     2.09070  6.35961e-03
     2.09112  7.49125e-03
     2.09154  8.92695e-03
     2.09196  1.05906e-02
     2.09239  1.23595e-02
     2.09281  1.45444e-02
     2.09323  1.67282e-02
     2.09365  1.94182e-02
     2.09407  2.22095e-02
     2.09450  2.52881e-02
     2.09492  2.86952e-02
     2.09534  3.21623e-02
     2.09576  3.61993e-02
     2.09618  4.02381e-02
     2.09661  4.46639e-02
     2.09703  4.92411e-02
     2.09745  5.38759e-02
     2.09787  5.86161e-02
     2.09829  6.33607e-02
     2.09872  6.79043e-02
     2.09914  7.24475e-02
     2.09956  7.65569e-02
     2.09998  8.04054e-02
     2.10041  8.42035e-02
     2.10083  8.78573e-02
     2.10125  9.15078e-02
     2.10167  9.57236e-02
     2.10209  1.00014e-01
     2.10252  1.04610e-01
     2.10294  1.09500e-01
     2.10336  1.14476e-01
     2.10378  1.19958e-01
     2.10420  1.25440e-01
     2.10463  1.32174e-01
     2.10505  1.39277e-01
     2.10547  1.46663e-01
     2.10589  1.54470e-01
     2.10632  1.62343e-01
     2.10674  1.72025e-01
     2.10716  1.81711e-01
     2.10758  1.91799e-01
     2.10800  2.02094e-01
     2.10843  2.13184e-01
     2.10885  2.26177e-01
     2.10927  2.39176e-01
     2.10969  2.52747e-01
     2.11011  2.66350e-01
     2.11054  2.80750e-01
     2.11096  2.95766e-01
     2.11138  3.10883e-01
     2.11180  3.26280e-01
     2.11222  3.41684e-01
     2.11265  3.55816e-01
     2.11307  3.69685e-01
     2.11349  3.83449e-01
     2.11391  3.97080e-01
     2.11434  4.10409e-01
     2.11476  4.20417e-01
     2.11518  4.30430e-01
     2.11560  4.38911e-01
     2.11602  4.46781e-01
     2.11645  4.54027e-01
     2.11687  4.60086e-01
     2.11729  4.66148e-01
     2.11771  4.70021e-01
     2.11813  4.73840e-01
     2.11856  4.75940e-01
     2.11898  4.76926e-01
     2.11940  4.78092e-01
     2.11982  4.79832e-01
     2.12024  4.81572e-01
     2.12067  4.81655e-01
     2.12109  4.81489e-01
     2.12151  4.81773e-01
     2.12193  4.82506e-01
     2.12236  4.83142e-01
     2.12278  4.83132e-01
     2.12320  4.83122e-01
     2.12362  4.81911e-01
     2.12404  4.80324e-01
     2.12447  4.78797e-01
     2.12489  4.77360e-01
     2.12531  4.75885e-01
     2.12573  4.72825e-01
     2.12615  4.69767e-01
     2.12658  4.65021e-01
     2.12700  4.59386e-01
     2.12742  4.52942e-01
     2.12784  4.44471e-01
     2.12826  4.35997e-01
     2.12869  4.24913e-01
     2.12911  4.13592e-01
     2.12953  4.00506e-01
     2.12995  3.85954e-01
     2.13038  3.71406e-01
     2.13080  3.56844e-01
     2.13122  3.42281e-01
     2.13164  3.26142e-01
     2.13206  3.09642e-01
     2.13249  2.93714e-01
     2.13291  2.78507e-01
     2.13333  2.63359e-01
     2.13375  2.48793e-01
     2.13417  2.34234e-01
     2.13460  2.20529e-01
     2.13502  2.07200e-01
     2.13544  1.94426e-01
     2.13586  1.82768e-01
     2.13629  1.71111e-01
     2.13671  1.61150e-01
     2.13713  1.51247e-01
     2.13755  1.42616e-01
     2.13797  1.34834e-01
     2.13840  1.27218e-01
     2.13882  1.20115e-01
     2.13924  1.13015e-01
     2.13966  1.06900e-01
     2.14008  1.00951e-01
     2.14051  9.51935e-02
     2.14093  8.96344e-02
     2.14135  8.40957e-02
     2.14177  7.87074e-02
     2.14219  7.33166e-02
     2.14262  6.83240e-02
     2.14304  6.34632e-02
     2.14346  5.87599e-02
     2.14388  5.43104e-02
     2.14430  4.98711e-02
     2.14473  4.60899e-02
     2.14515  4.23086e-02
     2.14557  3.87114e-02
     2.14599  3.52148e-02
     2.14642  3.18682e-02
     2.14684  2.89152e-02
     2.14726  2.59621e-02
     2.14768  2.34237e-02
     2.14810  2.09302e-02
     2.14853  1.86425e-02
     2.14895  1.65331e-02
     2.14937  1.44916e-02
     2.14979  1.27844e-02
     2.15021  1.10773e-02
     2.15064  9.64841e-03
     2.15106  8.29052e-03
     2.15148  7.07936e-03
     2.15190  6.06619e-03
     2.15233  5.06917e-03
     2.15275  4.33474e-03
     2.15317  3.59964e-03
     2.15359  3.03582e-03
     2.15401  2.54865e-03
     2.15444  2.11435e-03
     2.15486  1.79166e-03
     2.15528  1.46912e-03
     2.15570  1.25733e-03
     2.15612  1.05109e-03
     2.15655  8.89528e-04
     2.15697  7.60025e-04
     2.15739  6.40384e-04
     2.15781  5.56912e-04
     2.15823  4.73401e-04
     2.15866  4.12314e-04
     2.15908  3.55318e-04
     2.15950  3.08126e-04
     2.15992  2.71770e-04
     2.16035  2.36462e-04
     2.16077  2.10155e-04
     2.16119  1.83836e-04
     2.16161  1.63081e-04
     2.16203  1.44280e-04
     2.16246  1.27904e-04
     2.16288  1.15690e-04
     2.16330  0.00000e+00
