# microns transmission
     4.06450  0.00000e+00
     4.06674  1.13696e-04
     4.06898  1.26783e-04
     4.07122  1.45079e-04
     4.07346  1.64505e-04
     4.07570  1.88253e-04
     4.07794  2.17099e-04
     4.08018  2.48782e-04
     4.08243  2.86638e-04
     4.08467  3.32396e-04
     4.08691  3.84959e-04
     4.08915  4.45614e-04
     4.09139  5.19147e-04
     4.09363  6.04513e-04
     4.09587  7.03013e-04
     4.09811  8.18028e-04
     4.10035  9.55005e-04
     4.10259  1.11465e-03
     4.10483  1.30526e-03
     4.10707  1.53784e-03
     4.10932  1.81297e-03
     4.11156  2.13934e-03
     4.11380  2.53448e-03
     4.11604  3.01090e-03
     4.11828  3.59200e-03
     4.12052  4.29835e-03
     4.12276  5.15130e-03
     4.12500  6.20454e-03
     4.12724  7.49607e-03
     4.12948  9.06635e-03
     4.13172  1.10153e-02
     4.13396  1.34277e-02
     4.13620  1.63936e-02
     4.13844  2.01319e-02
     4.14069  2.47749e-02
     4.14293  3.04845e-02
     4.14517  3.77411e-02
     4.14741  4.67451e-02
     4.14965  5.78041e-02
     4.15189  7.15780e-02
     4.15413  8.81063e-02
     4.15637  1.07893e-01
     4.15861  1.31521e-01
     4.16085  1.58582e-01
     4.16309  1.88885e-01
     4.16533  2.21878e-01
     4.16757  2.56260e-01
     4.16982  2.91149e-01
     4.17206  3.25248e-01
     4.17430  3.56742e-01
     4.17654  3.85297e-01
     4.17878  4.10392e-01
     4.18102  4.31391e-01
     4.18326  4.48680e-01
     4.18550  4.62529e-01
     4.18774  4.73025e-01
     4.18998  4.80960e-01
     4.19222  4.86725e-01
     4.19446  4.91279e-01
     4.19670  4.93971e-01
     4.19895  4.95724e-01
     4.20119  4.96800e-01
     4.20343  4.97712e-01
     4.20567  4.98310e-01
     4.20791  4.98452e-01
     4.21015  4.98536e-01
     4.21239  4.98576e-01
     4.21463  4.98652e-01
     4.21687  4.98738e-01
     4.21911  4.98885e-01
     4.22135  4.99048e-01
     4.22359  4.99227e-01
     4.22583  4.99424e-01
     4.22808  4.99590e-01
     4.23032  4.99756e-01
     4.23256  4.99858e-01
     4.23480  4.99944e-01
     4.23704  4.99945e-01
     4.23928  4.99937e-01
     4.24152  4.99862e-01
     4.24376  5.00282e-01
     4.24600  5.00083e-01
     4.24824  5.00281e-01
     4.25048  4.99831e-01
     4.25272  4.99192e-01
     4.25496  4.98437e-01
     4.25720  4.97407e-01
     4.25945  4.96073e-01
     4.26169  4.93420e-01
     4.26393  4.89818e-01
     4.26617  4.85633e-01
     4.26841  4.80561e-01
     4.27065  4.74088e-01
     4.27289  4.66569e-01
     4.27513  4.60506e-01
     4.27737  4.58995e-01
     4.27961  4.62362e-01
     4.28185  4.70746e-01
     4.28409  4.77725e-01
     4.28633  4.81878e-01
     4.28858  4.84985e-01
     4.29082  4.86605e-01
     4.29306  4.86006e-01
     4.29530  4.86282e-01
     4.29754  4.85745e-01
     4.29978  4.85177e-01
     4.30202  4.84552e-01
     4.30426  4.83985e-01
     4.30650  4.83510e-01
     4.30874  4.83126e-01
     4.31098  4.82880e-01
     4.31322  4.82690e-01
     4.31546  4.82641e-01
     4.31771  4.82642e-01
     4.31995  4.82721e-01
     4.32219  4.82889e-01
     4.32443  4.83073e-01
     4.32667  4.83292e-01
     4.32891  4.83446e-01
     4.33115  4.83575e-01
     4.33339  4.83610e-01
     4.33563  4.83523e-01
     4.33787  4.83293e-01
     4.34011  4.82882e-01
     4.34235  4.82263e-01
     4.34459  4.81509e-01
     4.34684  4.80902e-01
     4.34908  4.79646e-01
     4.35132  4.78340e-01
     4.35356  4.77143e-01
     4.35580  4.75401e-01
     4.35804  4.73607e-01
     4.36028  4.71737e-01
     4.36252  4.69865e-01
     4.36476  4.67895e-01
     4.36700  4.65762e-01
     4.36924  4.63304e-01
     4.37148  4.60314e-01
     4.37372  4.56448e-01
     4.37596  4.51317e-01
     4.37821  4.44354e-01
     4.38045  4.35356e-01
     4.38269  4.23164e-01
     4.38493  4.08324e-01
     4.38717  3.89663e-01
     4.38941  3.67584e-01
     4.39165  3.42219e-01
     4.39389  3.13590e-01
     4.39613  2.83190e-01
     4.39837  2.50903e-01
     4.40061  2.18867e-01
     4.40285  1.87457e-01
     4.40509  1.58226e-01
     4.40734  1.31854e-01
     4.40958  1.08552e-01
     4.41182  8.84372e-02
     4.41406  7.18997e-02
     4.41630  5.81943e-02
     4.41854  4.69545e-02
     4.42078  3.80182e-02
     4.42302  3.07846e-02
     4.42526  2.49486e-02
     4.42750  2.03800e-02
     4.42974  1.66681e-02
     4.43198  1.36774e-02
     4.43422  1.12954e-02
     4.43647  9.35142e-03
     4.43871  7.77491e-03
     4.44095  6.50141e-03
     4.44319  5.44633e-03
     4.44543  4.58066e-03
     4.44767  3.87258e-03
     4.44991  3.28694e-03
     4.45215  2.79341e-03
     4.45439  2.38474e-03
     4.45663  2.04004e-03
     4.45887  1.74984e-03
     4.46111  1.50857e-03
     4.46335  1.30326e-03
     4.46559  1.12925e-03
     4.46784  9.81500e-04
     4.47008  8.53460e-04
     4.47232  7.44809e-04
     4.47456  6.51182e-04
     4.47680  5.70920e-04
     4.47904  5.00803e-04
     4.48128  4.40292e-04
     4.48352  3.88250e-04
     4.48576  3.42592e-04
     4.48800  3.04765e-04
     4.49024  2.71274e-04
     4.49248  2.38651e-04
     4.49473  2.08856e-04
     4.49697  1.85130e-04
     4.49921  1.69344e-04
     4.50145  1.52727e-04
     4.50369  1.36743e-04
     4.50593  1.25688e-04
     4.50817  1.13933e-04
     4.51041  0.00000e+00
