# microns transmission
     4.48879  0.00000e+00
     4.49186  1.12148e-04
     4.49493  1.18220e-04
     4.49800  1.19324e-04
     4.50107  1.35673e-04
     4.50414  1.43306e-04
     4.50720  1.58328e-04
     4.51027  1.73864e-04
     4.51334  1.94245e-04
     4.51641  2.20799e-04
     4.51948  2.40401e-04
     4.52255  2.73585e-04
     4.52562  3.06479e-04
     4.52869  3.55303e-04
     4.53176  4.01280e-04
     4.53483  4.72346e-04
     4.53790  5.35482e-04
     4.54097  6.24062e-04
     4.54403  7.19686e-04
     4.54710  8.39593e-04
     4.55017  9.69751e-04
     4.55324  1.11623e-03
     4.55631  1.28664e-03
     4.55938  1.47696e-03
     4.56245  1.70236e-03
     4.56552  1.94943e-03
     4.56859  2.24690e-03
     4.57166  2.56892e-03
     4.57473  2.95999e-03
     4.57780  3.38603e-03
     4.58086  3.90283e-03
     4.58393  4.48418e-03
     4.58700  5.17943e-03
     4.59007  5.96322e-03
     4.59314  6.90156e-03
     4.59621  7.97823e-03
     4.59928  9.25708e-03
     4.60235  1.07316e-02
     4.60542  1.24843e-02
     4.60849  1.45291e-02
     4.61156  1.69428e-02
     4.61462  1.97644e-02
     4.61769  2.31122e-02
     4.62076  2.70344e-02
     4.62383  3.16370e-02
     4.62690  3.70455e-02
     4.62997  4.33978e-02
     4.63304  5.08132e-02
     4.63611  5.93984e-02
     4.63918  6.94422e-02
     4.64225  8.10009e-02
     4.64532  9.42129e-02
     4.64839  1.09140e-01
     4.65145  1.26068e-01
     4.65452  1.44836e-01
     4.65759  1.65269e-01
     4.66066  1.87213e-01
     4.66373  2.10434e-01
     4.66680  2.34376e-01
     4.66987  2.58493e-01
     4.67294  2.82274e-01
     4.67601  3.04805e-01
     4.67908  3.25516e-01
     4.68215  3.43528e-01
     4.68521  3.58841e-01
     4.68828  3.71327e-01
     4.69135  3.81052e-01
     4.69442  3.88208e-01
     4.69749  3.93346e-01
     4.70056  3.96762e-01
     4.70363  3.98589e-01
     4.70670  3.99381e-01
     4.70977  3.99528e-01
     4.71284  3.99316e-01
     4.71591  3.98879e-01
     4.71898  3.98291e-01
     4.72204  3.97584e-01
     4.72511  3.96800e-01
     4.72818  3.96033e-01
     4.73125  3.95289e-01
     4.73432  3.94843e-01
     4.73739  3.94425e-01
     4.74046  3.93831e-01
     4.74353  3.93233e-01
     4.74660  3.92607e-01
     4.74967  3.91919e-01
     4.75274  3.91198e-01
     4.75581  3.90447e-01
     4.75887  3.89694e-01
     4.76194  3.88948e-01
     4.76501  3.88169e-01
     4.76808  3.87413e-01
     4.77115  3.86642e-01
     4.77422  3.85887e-01
     4.77729  3.85159e-01
     4.78036  3.84503e-01
     4.78343  3.83890e-01
     4.78650  3.83369e-01
     4.78957  3.82887e-01
     4.79263  3.82467e-01
     4.79570  3.82035e-01
     4.79877  3.81634e-01
     4.80184  3.81221e-01
     4.80491  3.80859e-01
     4.80798  3.80556e-01
     4.81105  3.80488e-01
     4.81412  3.80022e-01
     4.81719  3.79534e-01
     4.82026  3.78960e-01
     4.82333  3.78348e-01
     4.82640  3.77666e-01
     4.82947  3.76963e-01
     4.83253  3.76244e-01
     4.83560  3.75497e-01
     4.83867  3.74744e-01
     4.84174  3.73941e-01
     4.84481  3.73123e-01
     4.84788  3.72230e-01
     4.85095  3.71329e-01
     4.85402  3.70376e-01
     4.85709  3.69423e-01
     4.86016  3.68392e-01
     4.86323  3.67313e-01
     4.86629  3.66083e-01
     4.86936  3.64779e-01
     4.87243  3.63352e-01
     4.87550  3.61913e-01
     4.87857  3.60664e-01
     4.88164  3.58780e-01
     4.88471  3.56929e-01
     4.88778  3.55113e-01
     4.89085  3.53386e-01
     4.89392  3.51709e-01
     4.89699  3.50188e-01
     4.90006  3.48774e-01
     4.90312  3.47531e-01
     4.90619  3.46335e-01
     4.90926  3.45173e-01
     4.91233  3.43843e-01
     4.91540  3.42173e-01
     4.91847  3.39912e-01
     4.92154  3.36777e-01
     4.92461  3.32568e-01
     4.92768  3.27105e-01
     4.93075  3.20419e-01
     4.93382  3.12278e-01
     4.93689  3.03195e-01
     4.93995  2.93308e-01
     4.94302  2.83306e-01
     4.94609  2.73002e-01
     4.94916  2.63022e-01
     4.95223  2.53624e-01
     4.95530  2.44953e-01
     4.95837  2.37064e-01
     4.96144  2.29821e-01
     4.96451  2.23255e-01
     4.96758  2.17144e-01
     4.97065  2.11338e-01
     4.97371  2.05633e-01
     4.97678  1.99916e-01
     4.97985  1.93994e-01
     4.98292  1.87682e-01
     4.98599  1.80932e-01
     4.98906  1.73573e-01
     4.99213  1.65601e-01
     4.99520  1.56935e-01
     4.99827  1.47720e-01
     5.00134  1.37974e-01
     5.00441  1.27874e-01
     5.00748  1.17589e-01
     5.01054  1.07393e-01
     5.01361  9.72532e-02
     5.01668  8.73943e-02
     5.01975  7.80357e-02
     5.02282  6.93188e-02
     5.02589  6.12462e-02
     5.02896  5.38907e-02
     5.03203  4.72449e-02
     5.03510  4.13519e-02
     5.03817  3.60859e-02
     5.04124  3.14592e-02
     5.04431  2.74160e-02
     5.04737  2.38872e-02
     5.05044  2.08185e-02
     5.05351  1.81313e-02
     5.05658  1.58345e-02
     5.05965  1.38203e-02
     5.06272  1.20938e-02
     5.06579  1.05999e-02
     5.06886  9.30100e-03
     5.07193  8.18288e-03
     5.07500  7.19434e-03
     5.07807  6.36705e-03
     5.08114  5.61795e-03
     5.08420  4.97565e-03
     5.08727  4.41210e-03
     5.09034  3.91430e-03
     5.09341  3.49281e-03
     5.09648  3.10277e-03
     5.09955  0.00000e+00
