# microns transmission
     3.67400  0.00000e+00
     3.67826  1.17242e-04
     3.68253  1.34507e-04
     3.68679  1.49643e-04
     3.69106  1.76741e-04
     3.69532  2.00231e-04
     3.69959  2.30966e-04
     3.70385  2.71119e-04
     3.70811  3.22976e-04
     3.71238  3.76538e-04
     3.71664  4.43296e-04
     3.72091  5.18999e-04
     3.72517  6.20205e-04
     3.72943  7.46666e-04
     3.73370  8.85464e-04
     3.73796  1.06142e-03
     3.74223  1.27227e-03
     3.74649  1.52042e-03
     3.75076  1.82237e-03
     3.75502  2.19192e-03
     3.75928  2.63323e-03
     3.76355  3.17138e-03
     3.76781  3.82077e-03
     3.77208  4.60196e-03
     3.77634  5.55953e-03
     3.78060  6.71666e-03
     3.78487  8.13622e-03
     3.78913  9.87511e-03
     3.79340  1.19866e-02
     3.79766  1.45962e-02
     3.80192  1.78076e-02
     3.80619  2.17924e-02
     3.81045  2.67080e-02
     3.81472  3.27624e-02
     3.81898  4.02767e-02
     3.82325  4.94438e-02
     3.82751  6.05852e-02
     3.83177  7.40196e-02
     3.83604  8.99423e-02
     3.84030  1.08684e-01
     3.84457  1.29993e-01
     3.84883  1.53665e-01
     3.85310  1.79397e-01
     3.85736  2.06644e-01
     3.86162  2.34655e-01
     3.86589  2.62612e-01
     3.87015  2.90029e-01
     3.87442  3.16631e-01
     3.87868  3.42060e-01
     3.88294  3.66082e-01
     3.88721  3.88348e-01
     3.89147  4.08530e-01
     3.89574  4.26470e-01
     3.90000  4.42351e-01
     3.90427  4.54897e-01
     3.90853  4.64845e-01
     3.91279  4.72436e-01
     3.91706  4.78452e-01
     3.92132  4.82125e-01
     3.92559  4.84496e-01
     3.92985  4.85995e-01
     3.93411  4.86812e-01
     3.93838  4.87677e-01
     3.94264  4.88175e-01
     3.94691  4.88652e-01
     3.95117  4.89047e-01
     3.95544  4.89291e-01
     3.95970  4.89652e-01
     3.96396  4.90124e-01
     3.96823  4.90562e-01
     3.97249  4.91525e-01
     3.97676  4.92037e-01
     3.98102  4.92993e-01
     3.98528  4.93251e-01
     3.98955  4.93414e-01
     3.99381  4.93551e-01
     3.99808  4.93629e-01
     4.00234  4.93564e-01
     4.00661  4.93443e-01
     4.01087  4.93402e-01
     4.01513  4.93493e-01
     4.01940  4.93982e-01
     4.02366  4.94490e-01
     4.02793  4.94406e-01
     4.03219  4.94302e-01
     4.03645  4.94158e-01
     4.04072  4.94094e-01
     4.04498  4.94278e-01
     4.04925  4.94465e-01
     4.05351  4.94465e-01
     4.05778  4.94433e-01
     4.06204  4.95069e-01
     4.06630  4.95124e-01
     4.07057  4.95180e-01
     4.07483  4.95970e-01
     4.07910  4.96260e-01
     4.08336  4.96358e-01
     4.08762  4.96328e-01
     4.09189  4.96273e-01
     4.09615  4.96244e-01
     4.10042  4.96158e-01
     4.10468  4.96343e-01
     4.10895  4.95994e-01
     4.11321  4.95786e-01
     4.11747  4.95678e-01
     4.12174  4.95949e-01
     4.12600  4.95755e-01
     4.13027  4.95637e-01
     4.13453  4.95439e-01
     4.13879  4.95253e-01
     4.14306  4.95409e-01
     4.14732  4.96008e-01
     4.15159  4.96892e-01
     4.15585  4.97305e-01
     4.16012  4.97937e-01
     4.16438  4.98842e-01
     4.16864  4.99432e-01
     4.17291  4.99943e-01
     4.17717  5.00312e-01
     4.18144  5.00570e-01
     4.18570  5.00709e-01
     4.18996  5.00626e-01
     4.19423  5.00827e-01
     4.19849  5.00252e-01
     4.20276  4.99642e-01
     4.20702  4.99194e-01
     4.21129  4.98166e-01
     4.21555  4.97075e-01
     4.21981  4.95986e-01
     4.22408  4.94855e-01
     4.22834  4.93604e-01
     4.23261  4.92147e-01
     4.23687  4.90437e-01
     4.24113  4.88334e-01
     4.24540  4.86102e-01
     4.24966  4.82694e-01
     4.25393  4.77146e-01
     4.25819  4.69681e-01
     4.26246  4.58326e-01
     4.26672  4.43048e-01
     4.27098  4.24491e-01
     4.27525  4.02247e-01
     4.27951  3.77600e-01
     4.28378  3.57897e-01
     4.28804  3.36657e-01
     4.29230  3.10912e-01
     4.29657  2.83117e-01
     4.30083  2.54729e-01
     4.30510  2.27081e-01
     4.30936  2.00992e-01
     4.31363  1.76694e-01
     4.31789  1.54447e-01
     4.32215  1.34260e-01
     4.32642  1.16108e-01
     4.33068  9.99816e-02
     4.33495  8.56958e-02
     4.33921  7.31446e-02
     4.34347  6.21687e-02
     4.34774  5.26728e-02
     4.35200  4.44745e-02
     4.35627  3.73911e-02
     4.36053  3.13323e-02
     4.36480  2.62137e-02
     4.36906  2.18799e-02
     4.37332  1.82355e-02
     4.37759  1.51854e-02
     4.38185  1.26344e-02
     4.38612  1.05146e-02
     4.39038  8.76038e-03
     4.39464  7.30704e-03
     4.39891  6.10077e-03
     4.40317  5.10706e-03
     4.40744  4.29290e-03
     4.41170  3.61210e-03
     4.41597  3.05863e-03
     4.42023  2.58880e-03
     4.42449  2.20281e-03
     4.42876  1.87887e-03
     4.43302  1.60875e-03
     4.43729  1.38009e-03
     4.44155  1.18893e-03
     4.44581  1.02484e-03
     4.45008  8.92771e-04
     4.45434  7.80879e-04
     4.45861  6.75648e-04
     4.46287  5.86947e-04
     4.46714  5.22354e-04
     4.47140  4.54349e-04
     4.47566  3.96077e-04
     4.47993  3.57263e-04
     4.48419  3.16886e-04
     4.48846  2.81660e-04
     4.49272  2.41877e-04
     4.49698  2.14012e-04
     4.50125  1.96503e-04
     4.50551  1.79001e-04
     4.50978  1.54788e-04
     4.51404  1.35194e-04
     4.51831  1.14538e-04
     4.52257  0.00000e+00
