# microns transmission
     1.60940  0.00000e+00
     1.60976  1.49285e-04
     1.61011  1.66680e-04
     1.61047  1.87824e-04
     1.61083  2.24280e-04
     1.61118  2.60705e-04
     1.61154  2.98062e-04
     1.61190  3.36808e-04
     1.61225  3.75564e-04
     1.61261  4.42595e-04
     1.61297  5.29177e-04
     1.61332  6.15736e-04
     1.61368  7.47336e-04
     1.61404  8.90956e-04
     1.61440  1.03461e-03
     1.61475  1.31190e-03
     1.61511  1.59092e-03
     1.61547  1.89457e-03
     1.61582  2.30730e-03
     1.61618  2.72015e-03
     1.61654  3.23348e-03
     1.61689  3.91094e-03
     1.61725  4.58823e-03
     1.61761  5.55463e-03
     1.61796  6.73213e-03
     1.61832  7.90996e-03
     1.61868  8.88566e-03
     1.61903  9.80236e-03
     1.61939  1.07188e-02
     1.61975  1.15450e-02
     1.62010  1.23681e-02
     1.62046  1.31826e-02
     1.62082  1.39548e-02
     1.62117  1.47268e-02
     1.62153  1.56589e-02
     1.62189  1.68673e-02
     1.62224  1.80761e-02
     1.62260  1.90497e-02
     1.62296  1.98409e-02
     1.62331  2.06319e-02
     1.62367  2.06650e-02
     1.62403  2.04592e-02
     1.62438  2.02534e-02
     1.62474  2.18105e-02
     1.62510  2.34460e-02
     1.62546  2.50332e-02
     1.62581  2.63639e-02
     1.62617  2.76950e-02
     1.62653  2.94204e-02
     1.62688  3.18706e-02
     1.62724  3.43200e-02
     1.62760  3.57694e-02
     1.62795  3.63956e-02
     1.62831  3.70220e-02
     1.62867  3.99266e-02
     1.62902  4.36068e-02
     1.62938  4.72841e-02
     1.62974  5.17180e-02
     1.63009  5.61983e-02
     1.63045  6.06124e-02
     1.63081  6.46213e-02
     1.63116  6.86314e-02
     1.63152  7.37457e-02
     1.63188  8.10241e-02
     1.63223  8.83046e-02
     1.63259  9.70062e-02
     1.63295  1.06947e-01
     1.63330  1.16884e-01
     1.63366  1.30313e-01
     1.63402  1.45023e-01
     1.63437  1.59732e-01
     1.63473  1.78307e-01
     1.63509  1.97181e-01
     1.63545  2.16337e-01
     1.63580  2.37487e-01
     1.63616  2.58632e-01
     1.63652  2.80335e-01
     1.63687  3.03183e-01
     1.63723  3.26032e-01
     1.63759  3.43260e-01
     1.63794  3.55321e-01
     1.63830  3.67382e-01
     1.63866  3.77643e-01
     1.63901  3.87202e-01
     1.63937  3.96761e-01
     1.63973  4.05211e-01
     1.64008  4.13563e-01
     1.64044  4.20950e-01
     1.64080  4.20748e-01
     1.64115  4.20546e-01
     1.64151  4.20333e-01
     1.64187  4.20097e-01
     1.64222  4.19860e-01
     1.64258  4.19294e-01
     1.64294  4.18406e-01
     1.64329  4.17518e-01
     1.64365  4.18333e-01
     1.64401  4.19862e-01
     1.64436  4.21391e-01
     1.64472  4.24514e-01
     1.64508  4.27808e-01
     1.64544  4.30545e-01
     1.64579  4.28164e-01
     1.64615  4.25782e-01
     1.64651  4.23343e-01
     1.64686  4.20762e-01
     1.64722  4.18181e-01
     1.64758  4.16967e-01
     1.64793  4.17156e-01
     1.64829  4.17346e-01
     1.64865  4.08872e-01
     1.64900  3.96515e-01
     1.64936  3.84151e-01
     1.64972  3.76325e-01
     1.65007  3.69076e-01
     1.65043  3.61105e-01
     1.65079  3.45242e-01
     1.65114  3.29379e-01
     1.65150  3.13245e-01
     1.65186  2.96430e-01
     1.65221  2.79606e-01
     1.65257  2.60482e-01
     1.65293  2.38853e-01
     1.65328  2.17237e-01
     1.65364  1.99705e-01
     1.65400  1.84137e-01
     1.65435  1.68577e-01
     1.65471  1.56042e-01
     1.65507  1.43949e-01
     1.65543  1.31909e-01
     1.65578  1.20581e-01
     1.65614  1.09247e-01
     1.65650  9.91854e-02
     1.65685  9.26037e-02
     1.65721  8.60257e-02
     1.65757  7.98775e-02
     1.65792  7.42287e-02
     1.65828  6.85799e-02
     1.65864  6.43269e-02
     1.65899  6.07827e-02
     1.65935  5.72385e-02
     1.65971  5.48621e-02
     1.66006  5.26755e-02
     1.66042  5.04709e-02
     1.66078  4.79641e-02
     1.66113  4.54587e-02
     1.66149  4.28037e-02
     1.66185  3.97122e-02
     1.66220  3.66207e-02
     1.66256  3.40762e-02
     1.66292  3.21952e-02
     1.66327  3.03142e-02
     1.66363  2.96662e-02
     1.66399  2.96878e-02
     1.66434  2.97095e-02
     1.66470  2.82830e-02
     1.66506  2.65921e-02
     1.66542  2.49241e-02
     1.66577  2.37981e-02
     1.66613  2.26722e-02
     1.66649  2.14998e-02
     1.66684  2.01776e-02
     1.66720  1.88554e-02
     1.66756  1.73542e-02
     1.66791  1.56231e-02
     1.66827  1.38911e-02
     1.66863  1.26577e-02
     1.66898  1.17123e-02
     1.66934  1.07675e-02
     1.66970  9.56752e-03
     1.67005  8.31572e-03
     1.67041  7.07854e-03
     1.67077  6.32592e-03
     1.67112  5.57331e-03
     1.67148  4.82808e-03
     1.67184  4.10861e-03
     1.67219  3.38874e-03
     1.67255  2.80143e-03
     1.67291  2.39524e-03
     1.67326  1.98928e-03
     1.67362  1.67622e-03
     1.67398  1.42034e-03
     1.67433  1.16445e-03
     1.67469  9.76527e-04
     1.67505  8.03693e-04
     1.67541  6.32307e-04
     1.67576  5.61199e-04
     1.67612  4.90052e-04
     1.67648  4.22575e-04
     1.67683  3.68797e-04
     1.67719  3.15048e-04
     1.67755  2.73256e-04
     1.67790  2.48832e-04
     1.67826  2.24408e-04
     1.67862  2.00626e-04
     1.67897  1.77240e-04
     1.67933  1.53854e-04
     1.67969  1.39371e-04
     1.68004  1.27079e-04
     1.68040  0.00000e+00
