# microns transmission
     3.71318  0.00000e+00
     3.72015  1.44197e-04
     3.72711  2.01029e-04
     3.73408  2.80223e-04
     3.74105  3.92593e-04
     3.74801  5.40600e-04
     3.75498  7.43309e-04
     3.76195  1.01347e-03
     3.76891  1.36861e-03
     3.77588  1.83031e-03
     3.78285  2.43105e-03
     3.78981  3.22133e-03
     3.79678  4.27307e-03
     3.80375  5.71865e-03
     3.81071  7.76240e-03
     3.81768  1.07019e-02
     3.82465  1.50452e-02
     3.83161  2.15557e-02
     3.83858  3.14463e-02
     3.84555  4.64698e-02
     3.85251  6.88706e-02
     3.85948  1.01186e-01
     3.86645  1.44674e-01
     3.87341  1.98189e-01
     3.88038  2.57381e-01
     3.88735  3.15505e-01
     3.89431  3.66120e-01
     3.90128  4.06627e-01
     3.90825  4.36354e-01
     3.91521  4.58136e-01
     3.92218  4.73416e-01
     3.92915  4.83906e-01
     3.93611  4.90897e-01
     3.94308  4.96080e-01
     3.95005  4.99128e-01
     3.95701  5.00684e-01
     3.96398  5.01631e-01
     3.97095  5.02825e-01
     3.97791  5.03953e-01
     3.98488  5.04487e-01
     3.99185  5.04915e-01
     3.99881  5.05315e-01
     4.00578  5.05634e-01
     4.01275  5.06075e-01
     4.01971  5.07267e-01
     4.02668  5.08197e-01
     4.03365  5.08520e-01
     4.04061  5.08867e-01
     4.04758  5.09556e-01
     4.05455  5.09983e-01
     4.06151  5.10777e-01
     4.06848  5.11091e-01
     4.07545  5.12105e-01
     4.08241  5.12486e-01
     4.08938  5.12591e-01
     4.09635  5.12702e-01
     4.10331  5.12960e-01
     4.11028  5.13071e-01
     4.11725  5.13231e-01
     4.12421  5.13937e-01
     4.13118  5.14009e-01
     4.13815  5.13726e-01
     4.14511  5.13827e-01
     4.15208  5.14509e-01
     4.15905  5.14237e-01
     4.16601  5.14458e-01
     4.17298  5.14017e-01
     4.17995  5.13504e-01
     4.18691  5.12961e-01
     4.19388  5.12811e-01
     4.20085  5.12362e-01
     4.20781  5.12363e-01
     4.21478  5.11893e-01
     4.22175  5.11474e-01
     4.22871  5.11032e-01
     4.23568  5.10550e-01
     4.24265  5.10523e-01
     4.24961  5.10865e-01
     4.25658  5.10416e-01
     4.26355  5.07476e-01
     4.27051  5.01883e-01
     4.27748  4.94005e-01
     4.28445  4.98561e-01
     4.29141  5.07705e-01
     4.29838  5.08642e-01
     4.30535  5.08114e-01
     4.31231  5.07462e-01
     4.31928  5.06791e-01
     4.32625  5.06169e-01
     4.33321  5.05504e-01
     4.34018  5.04795e-01
     4.34715  5.04574e-01
     4.35412  5.04201e-01
     4.36108  5.03135e-01
     4.36805  5.01977e-01
     4.37501  5.00661e-01
     4.38198  4.99237e-01
     4.38895  4.97769e-01
     4.39592  4.96290e-01
     4.40288  4.95071e-01
     4.40985  4.94495e-01
     4.41682  4.94080e-01
     4.42378  4.93241e-01
     4.43075  4.92517e-01
     4.43772  4.91857e-01
     4.44468  4.91285e-01
     4.45165  4.90654e-01
     4.45862  4.90011e-01
     4.46558  4.89378e-01
     4.47255  4.88720e-01
     4.47952  4.88547e-01
     4.48648  4.88323e-01
     4.49345  4.87460e-01
     4.50042  4.86462e-01
     4.50738  4.85403e-01
     4.51435  4.84231e-01
     4.52132  4.82968e-01
     4.52828  4.81614e-01
     4.53525  4.80153e-01
     4.54222  4.78646e-01
     4.54918  4.77086e-01
     4.55615  4.75541e-01
     4.56312  4.74541e-01
     4.57008  4.73058e-01
     4.57705  4.72082e-01
     4.58402  4.70600e-01
     4.59098  4.69079e-01
     4.59795  4.67461e-01
     4.60492  4.65764e-01
     4.61188  4.64019e-01
     4.61885  4.62361e-01
     4.62582  4.60244e-01
     4.63278  4.57904e-01
     4.63975  4.55430e-01
     4.64672  4.52862e-01
     4.65368  4.50723e-01
     4.66065  4.48062e-01
     4.66762  4.45504e-01
     4.67458  4.43093e-01
     4.68155  4.40839e-01
     4.68852  4.38746e-01
     4.69548  4.36926e-01
     4.70245  4.35836e-01
     4.70942  4.34460e-01
     4.71638  4.33521e-01
     4.72335  4.32566e-01
     4.73032  4.31487e-01
     4.73728  4.30878e-01
     4.74425  4.29742e-01
     4.75122  4.28492e-01
     4.75818  4.27112e-01
     4.76515  4.25585e-01
     4.77212  4.23894e-01
     4.77908  4.22122e-01
     4.78605  4.20304e-01
     4.79302  4.18526e-01
     4.79998  4.16818e-01
     4.80695  4.15220e-01
     4.81392  4.14157e-01
     4.82088  4.12698e-01
     4.82785  4.11279e-01
     4.83482  4.09791e-01
     4.84178  4.08158e-01
     4.84875  4.06265e-01
     4.85572  4.04090e-01
     4.86268  4.01575e-01
     4.86965  3.98689e-01
     4.87662  3.95683e-01
     4.88358  3.91673e-01
     4.89055  3.87205e-01
     4.89752  3.82690e-01
     4.90448  3.78229e-01
     4.91145  3.73871e-01
     4.91842  3.69537e-01
     4.92538  3.64994e-01
     4.93235  3.59898e-01
     4.93932  3.53801e-01
     4.94628  3.46489e-01
     4.95325  3.36614e-01
     4.96022  3.24202e-01
     4.96718  3.09087e-01
     4.97415  2.91400e-01
     4.98112  2.71623e-01
     4.98808  2.50347e-01
     4.99505  2.28261e-01
     5.00202  2.06155e-01
     5.00898  1.84771e-01
     5.01595  1.64083e-01
     5.02292  1.44553e-01
     5.02988  1.26290e-01
     5.03685  1.09335e-01
     5.04382  9.36117e-02
     5.05078  7.90716e-02
     5.05775  6.57495e-02
     5.06472  5.36839e-02
     5.07168  4.29628e-02
     5.07865  3.37077e-02
     5.08562  2.58832e-02
     5.09258  1.95137e-02
     5.09955  0.00000e+00
