# microns transmission
     3.02811  0.00000e+00
     3.03189  1.15259e-04
     3.03566  1.24788e-04
     3.03944  1.38072e-04
     3.04321  1.55871e-04
     3.04699  1.80803e-04
     3.05076  2.09255e-04
     3.05454  2.44293e-04
     3.05831  2.82778e-04
     3.06209  3.33475e-04
     3.06586  3.96825e-04
     3.06964  4.60195e-04
     3.07341  5.37106e-04
     3.07719  6.26409e-04
     3.08096  7.28756e-04
     3.08474  8.48040e-04
     3.08851  9.89159e-04
     3.09229  1.15995e-03
     3.09606  1.36575e-03
     3.09984  1.63079e-03
     3.10362  1.95235e-03
     3.10739  2.36299e-03
     3.11117  2.90316e-03
     3.11494  3.61944e-03
     3.11872  4.58998e-03
     3.12249  5.92363e-03
     3.12627  7.77148e-03
     3.13004  1.03374e-02
     3.13382  1.39148e-02
     3.13759  1.89511e-02
     3.14137  2.60993e-02
     3.14514  3.60769e-02
     3.14892  4.97709e-02
     3.15269  6.76468e-02
     3.15647  8.96905e-02
     3.16024  1.15035e-01
     3.16402  1.41737e-01
     3.16780  1.68077e-01
     3.17157  1.93524e-01
     3.17535  2.18251e-01
     3.17912  2.41845e-01
     3.18290  2.64444e-01
     3.18667  2.85810e-01
     3.19045  3.05559e-01
     3.19422  3.23478e-01
     3.19800  3.39604e-01
     3.20177  3.53418e-01
     3.20555  3.65152e-01
     3.20932  3.75114e-01
     3.21310  3.83039e-01
     3.21687  3.89941e-01
     3.22065  3.95848e-01
     3.22442  4.01434e-01
     3.22820  4.05835e-01
     3.23197  4.09283e-01
     3.23575  4.11957e-01
     3.23953  4.14240e-01
     3.24330  4.16103e-01
     3.24708  4.18131e-01
     3.25085  4.19531e-01
     3.25463  4.21067e-01
     3.25840  4.22518e-01
     3.26218  4.23806e-01
     3.26595  4.24961e-01
     3.26973  4.26645e-01
     3.27350  4.27570e-01
     3.27728  4.28522e-01
     3.28105  4.29565e-01
     3.28483  4.30644e-01
     3.28860  4.31800e-01
     3.29238  4.33527e-01
     3.29615  4.34755e-01
     3.29993  4.35973e-01
     3.30370  4.36836e-01
     3.30748  4.37669e-01
     3.31126  4.38662e-01
     3.31503  4.39605e-01
     3.31881  4.40268e-01
     3.32258  4.40828e-01
     3.32636  4.41426e-01
     3.33013  4.41907e-01
     3.33391  4.41311e-01
     3.33768  4.40964e-01
     3.34146  4.39056e-01
     3.34523  4.35173e-01
     3.34901  4.31369e-01
     3.35278  4.23515e-01
     3.35656  4.14135e-01
     3.36033  4.05994e-01
     3.36411  4.07098e-01
     3.36788  4.08424e-01
     3.37166  4.13986e-01
     3.37544  4.25629e-01
     3.37921  4.36342e-01
     3.38299  4.41063e-01
     3.38676  4.44190e-01
     3.39054  4.46717e-01
     3.39431  4.45788e-01
     3.39809  4.44865e-01
     3.40186  4.43918e-01
     3.40564  4.42970e-01
     3.40941  4.42293e-01
     3.41319  4.42285e-01
     3.41696  4.42526e-01
     3.42074  4.42481e-01
     3.42451  4.43178e-01
     3.42829  4.43765e-01
     3.43206  4.44062e-01
     3.43584  4.43975e-01
     3.43961  4.43393e-01
     3.44339  4.42395e-01
     3.44717  4.41403e-01
     3.45094  4.40645e-01
     3.45472  4.40006e-01
     3.45849  4.39581e-01
     3.46227  4.40086e-01
     3.46604  4.41436e-01
     3.46982  4.43294e-01
     3.47359  4.44843e-01
     3.47737  4.47207e-01
     3.48114  4.50217e-01
     3.48492  4.53150e-01
     3.48869  4.55406e-01
     3.49247  4.56434e-01
     3.49624  4.55412e-01
     3.50002  4.51249e-01
     3.50379  4.42975e-01
     3.50757  4.30557e-01
     3.51135  4.13535e-01
     3.51512  3.91906e-01
     3.51890  3.67106e-01
     3.52267  3.39595e-01
     3.52645  3.10762e-01
     3.53022  2.81953e-01
     3.53400  2.54044e-01
     3.53777  2.27922e-01
     3.54155  2.03654e-01
     3.54532  1.81779e-01
     3.54910  1.61956e-01
     3.55287  1.44439e-01
     3.55665  1.28597e-01
     3.56042  1.14468e-01
     3.56420  1.01881e-01
     3.56797  9.05199e-02
     3.57175  8.02407e-02
     3.57553  7.08060e-02
     3.57930  6.22626e-02
     3.58308  5.44028e-02
     3.58685  4.73146e-02
     3.59063  4.08527e-02
     3.59440  3.50829e-02
     3.59818  2.99701e-02
     3.60195  2.55004e-02
     3.60573  2.16661e-02
     3.60950  1.83448e-02
     3.61328  1.55149e-02
     3.61705  1.31447e-02
     3.62083  1.11635e-02
     3.62460  9.48979e-03
     3.62838  8.09932e-03
     3.63215  6.93582e-03
     3.63593  5.97169e-03
     3.63970  5.16599e-03
     3.64348  4.49657e-03
     3.64726  3.93081e-03
     3.65103  3.45829e-03
     3.65481  3.06055e-03
     3.65858  2.72348e-03
     3.66236  2.44110e-03
     3.66613  2.19241e-03
     3.66991  1.98309e-03
     3.67368  1.80359e-03
     3.67746  1.64350e-03
     3.68123  1.50901e-03
     3.68501  1.39221e-03
     3.68878  1.28018e-03
     3.69256  1.18861e-03
     3.69633  1.10648e-03
     3.70011  1.02633e-03
     3.70388  9.52439e-04
     3.70766  8.86152e-04
     3.71143  8.20278e-04
     3.71521  7.56147e-04
     3.71899  7.01480e-04
     3.72276  6.47377e-04
     3.72654  5.91074e-04
     3.73031  5.37669e-04
     3.73409  4.86020e-04
     3.73786  4.37459e-04
     3.74164  3.90879e-04
     3.74541  3.44688e-04
     3.74919  3.04031e-04
     3.75296  2.67761e-04
     3.75674  2.33309e-04
     3.76051  2.03370e-04
     3.76429  1.76908e-04
     3.76806  1.54667e-04
     3.77184  1.33852e-04
     3.77561  1.20194e-04
     3.77939  0.00000e+00
