# microns transmission
     0.92200  0.00000e+00
     0.92954  1.26064e-03
     0.93709  2.06703e-03
     0.94463  2.24768e-03
     0.95217  1.70446e-03
     0.95971  1.33566e-03
     0.96726  2.17459e-03
     0.97480  6.42815e-03
     0.98234  2.31844e-02
     0.98988  6.65380e-02
     0.99743  1.37960e-01
     1.00497  2.11874e-01
     1.01251  2.61336e-01
     1.02006  2.89326e-01
     1.02760  3.01792e-01
     1.03514  3.08330e-01
     1.04268  3.10712e-01
     1.05023  3.13150e-01
     1.05777  3.13844e-01
     1.06531  3.17798e-01
     1.07285  3.22329e-01
     1.08040  3.29465e-01
     1.08794  3.34647e-01
     1.09548  3.38190e-01
     1.10303  3.40374e-01
     1.11057  3.41492e-01
     1.11811  3.44377e-01
     1.12565  3.45389e-01
     1.13320  3.49073e-01
     1.14074  3.53280e-01
     1.14828  3.58354e-01
     1.15582  3.60880e-01
     1.16337  3.64475e-01
     1.17091  3.63321e-01
     1.17845  3.53620e-01
     1.18599  3.11982e-01
     1.19354  2.35498e-01
     1.20108  2.16937e-01
     1.20862  2.84432e-01
     1.21617  3.55105e-01
     1.22371  3.76956e-01
     1.23125  3.77598e-01
     1.23879  3.79298e-01
     1.24634  3.80792e-01
     1.25388  3.81894e-01
     1.26142  3.82986e-01
     1.26896  3.82384e-01
     1.27651  3.81873e-01
     1.28405  3.83785e-01
     1.29159  3.82571e-01
     1.29914  3.88644e-01
     1.30668  3.88929e-01
     1.31422  3.91791e-01
     1.32176  3.92622e-01
     1.32931  3.94037e-01
     1.33685  3.95556e-01
     1.34439  3.97703e-01
     1.35193  3.98751e-01
     1.35948  4.00548e-01
     1.36702  3.97687e-01
     1.37456  3.92131e-01
     1.38211  3.85569e-01
     1.38965  3.84154e-01
     1.39719  3.89293e-01
     1.40473  3.95619e-01
     1.41228  4.01457e-01
     1.41982  4.03421e-01
     1.42736  3.91909e-01
     1.43490  3.56751e-01
     1.44245  3.01242e-01
     1.44999  2.46849e-01
     1.45753  2.36697e-01
     1.46508  2.90843e-01
     1.47262  3.69058e-01
     1.48016  4.15153e-01
     1.48770  4.25072e-01
     1.49525  4.26271e-01
     1.50279  4.28008e-01
     1.51033  4.31727e-01
     1.51787  4.34511e-01
     1.52542  4.34925e-01
     1.53296  4.38024e-01
     1.54050  4.38437e-01
     1.54805  4.37137e-01
     1.55559  4.37267e-01
     1.56313  4.35594e-01
     1.57067  4.35156e-01
     1.57822  4.36604e-01
     1.58576  4.37573e-01
     1.59330  4.35787e-01
     1.60084  4.36464e-01
     1.60839  4.38963e-01
     1.61593  4.39956e-01
     1.62347  4.37985e-01
     1.63102  4.37586e-01
     1.63856  4.39992e-01
     1.64610  4.43003e-01
     1.65364  4.44989e-01
     1.66119  4.45435e-01
     1.66873  4.44133e-01
     1.67627  4.43668e-01
     1.68381  4.43121e-01
     1.69136  4.43247e-01
     1.69890  4.45661e-01
     1.70644  4.44878e-01
     1.71398  4.43145e-01
     1.72153  4.44805e-01
     1.72907  4.47084e-01
     1.73661  4.46297e-01
     1.74416  4.48532e-01
     1.75170  4.49584e-01
     1.75924  4.50403e-01
     1.76678  4.51633e-01
     1.77433  4.50822e-01
     1.78187  4.53192e-01
     1.78941  4.53797e-01
     1.79695  4.50947e-01
     1.80450  4.53155e-01
     1.81204  4.55250e-01
     1.81958  4.54969e-01
     1.82713  4.53825e-01
     1.83467  4.54674e-01
     1.84221  4.54861e-01
     1.84975  4.55915e-01
     1.85730  4.55082e-01
     1.86484  4.56272e-01
     1.87238  4.55656e-01
     1.87992  4.58346e-01
     1.88747  4.56340e-01
     1.89501  4.55109e-01
     1.90255  4.55269e-01
     1.91010  4.57657e-01
     1.91764  4.57152e-01
     1.92518  4.55656e-01
     1.93272  4.53877e-01
     1.94027  4.56042e-01
     1.94781  4.59533e-01
     1.95535  4.59250e-01
     1.96289  4.58831e-01
     1.97044  4.60621e-01
     1.97798  4.61594e-01
     1.98552  4.63381e-01
     1.99307  4.64244e-01
     2.00061  4.61794e-01
     2.00815  4.62075e-01
     2.01569  4.60194e-01
     2.02324  4.60761e-01
     2.03078  4.60766e-01
     2.03832  4.60764e-01
     2.04586  4.58794e-01
     2.05341  4.57552e-01
     2.06095  4.59815e-01
     2.06849  4.59139e-01
     2.07604  4.63908e-01
     2.08358  4.65606e-01
     2.09112  4.62095e-01
     2.09866  4.63696e-01
     2.10621  4.61496e-01
     2.11375  4.60556e-01
     2.12129  4.64110e-01
     2.12883  4.65280e-01
     2.13638  4.65573e-01
     2.14392  4.61821e-01
     2.15146  4.60813e-01
     2.15901  4.58371e-01
     2.16655  4.55242e-01
     2.17409  4.54188e-01
     2.18163  4.42057e-01
     2.18918  4.24969e-01
     2.19672  4.04610e-01
     2.20426  3.77222e-01
     2.21180  3.61955e-01
     2.21935  3.60269e-01
     2.22689  3.64332e-01
     2.23443  3.73263e-01
     2.24198  3.78086e-01
     2.24952  3.80526e-01
     2.25706  3.83738e-01
     2.26460  3.87099e-01
     2.27215  3.97264e-01
     2.27969  4.03065e-01
     2.28723  4.11058e-01
     2.29477  4.18002e-01
     2.30232  4.19142e-01
     2.30986  4.16556e-01
     2.31740  3.88433e-01
     2.32494  3.22926e-01
     2.33249  2.44166e-01
     2.34003  1.74399e-01
     2.34757  1.53875e-01
     2.35512  1.43130e-01
     2.36266  9.99633e-02
     2.37020  4.13653e-02
     2.37774  1.67947e-02
     2.38529  9.29390e-03
     2.39283  4.97019e-03
     2.40037  2.29369e-03
     2.40791  8.96750e-04
     2.41546  3.14356e-04
     2.42300  0.00000e+00
