# microns transmission
     4.61986  0.00000e+00
     4.62074  1.09454e-04
     4.62163  1.14084e-04
     4.62251  1.19008e-04
     4.62339  1.25202e-04
     4.62427  1.31828e-04
     4.62516  1.38953e-04
     4.62604  1.46916e-04
     4.62692  1.55388e-04
     4.62780  1.64618e-04
     4.62869  1.74914e-04
     4.62957  1.86112e-04
     4.63045  1.98925e-04
     4.63134  2.12679e-04
     4.63222  2.27081e-04
     4.63310  2.42693e-04
     4.63398  2.59802e-04
     4.63487  2.78105e-04
     4.63575  2.99044e-04
     4.63663  3.22402e-04
     4.63751  3.47791e-04
     4.63840  3.78710e-04
     4.63928  4.13863e-04
     4.64016  4.52619e-04
     4.64105  5.00090e-04
     4.64193  5.54201e-04
     4.64281  6.14643e-04
     4.64369  6.86633e-04
     4.64458  7.65306e-04
     4.64546  8.51905e-04
     4.64634  9.57086e-04
     4.64722  1.07207e-03
     4.64811  1.19955e-03
     4.64899  1.35019e-03
     4.64987  1.51365e-03
     4.65075  1.69590e-03
     4.65164  1.90598e-03
     4.65252  2.13337e-03
     4.65340  2.38874e-03
     4.65429  2.67639e-03
     4.65517  2.98631e-03
     4.65605  3.33828e-03
     4.65693  3.72908e-03
     4.65782  4.14911e-03
     4.65870  4.62793e-03
     4.65958  5.16023e-03
     4.66046  5.73535e-03
     4.66135  6.40173e-03
     4.66223  7.13172e-03
     4.66311  7.91789e-03
     4.66400  8.84122e-03
     4.66488  9.85385e-03
     4.66576  1.09607e-02
     4.66664  1.22783e-02
     4.66753  1.37235e-02
     4.66841  1.53265e-02
     4.66929  1.72611e-02
     4.67017  1.94054e-02
     4.67106  2.18573e-02
     4.67194  2.48373e-02
     4.67282  2.81877e-02
     4.67371  3.21529e-02
     4.67459  3.69325e-02
     4.67547  4.23177e-02
     4.67635  4.88352e-02
     4.67724  5.66487e-02
     4.67812  6.53918e-02
     4.67900  7.59804e-02
     4.67988  8.81411e-02
     4.68077  1.01423e-01
     4.68165  1.17007e-01
     4.68253  1.34234e-01
     4.68342  1.52643e-01
     4.68430  1.71157e-01
     4.68518  1.90057e-01
     4.68606  2.09336e-01
     4.68695  2.27443e-01
     4.68783  2.43561e-01
     4.68871  2.57399e-01
     4.68959  2.69375e-01
     4.69048  2.79367e-01
     4.69136  2.86658e-01
     4.69224  2.91375e-01
     4.69313  2.95128e-01
     4.69401  2.97762e-01
     4.69489  2.98740e-01
     4.69577  2.99228e-01
     4.69666  2.99481e-01
     4.69754  2.99698e-01
     4.69842  2.99904e-01
     4.69930  3.00117e-01
     4.70019  3.00442e-01
     4.70107  3.00854e-01
     4.70195  3.01461e-01
     4.70284  3.02133e-01
     4.70372  3.02841e-01
     4.70460  3.03498e-01
     4.70548  3.04017e-01
     4.70637  3.04412e-01
     4.70725  3.04393e-01
     4.70813  3.04240e-01
     4.70901  3.03951e-01
     4.70990  3.03061e-01
     4.71078  3.02064e-01
     4.71166  3.00958e-01
     4.71254  2.99664e-01
     4.71343  2.98362e-01
     4.71431  2.97079e-01
     4.71519  2.95944e-01
     4.71608  2.94945e-01
     4.71696  2.94184e-01
     4.71784  2.93755e-01
     4.71872  2.93453e-01
     4.71961  2.93254e-01
     4.72049  2.92969e-01
     4.72137  2.92454e-01
     4.72225  2.91123e-01
     4.72314  2.89279e-01
     4.72402  2.86681e-01
     4.72490  2.80617e-01
     4.72579  2.73254e-01
     4.72667  2.64792e-01
     4.72755  2.53343e-01
     4.72843  2.39623e-01
     4.72932  2.23924e-01
     4.73020  2.07417e-01
     4.73108  1.89745e-01
     4.73196  1.70811e-01
     4.73285  1.52287e-01
     4.73373  1.34529e-01
     4.73461  1.17826e-01
     4.73550  1.02092e-01
     4.73638  8.74203e-02
     4.73726  7.45535e-02
     4.73814  6.35725e-02
     4.73903  5.36597e-02
     4.73991  4.53298e-02
     4.74079  3.84353e-02
     4.74167  3.23469e-02
     4.74256  2.74387e-02
     4.74344  2.33596e-02
     4.74432  1.97831e-02
     4.74521  1.69233e-02
     4.74609  1.45412e-02
     4.74697  1.24691e-02
     4.74785  1.08097e-02
     4.74874  9.36773e-03
     4.74962  8.10309e-03
     4.75050  7.11426e-03
     4.75138  6.22962e-03
     4.75227  5.44287e-03
     4.75315  4.82910e-03
     4.75403  4.27257e-03
     4.75492  3.78166e-03
     4.75580  3.37759e-03
     4.75668  3.01312e-03
     4.75756  2.69794e-03
     4.75845  2.42772e-03
     4.75933  2.18092e-03
     4.76021  1.96685e-03
     4.76109  1.78241e-03
     4.76198  1.61301e-03
     4.76286  1.46374e-03
     4.76374  1.33193e-03
     4.76463  1.20997e-03
     4.76551  1.10241e-03
     4.76639  1.00555e-03
     4.76727  9.15733e-04
     4.76816  8.37704e-04
     4.76904  7.65771e-04
     4.76992  6.98480e-04
     4.77080  6.39712e-04
     4.77169  5.86107e-04
     4.77257  5.36887e-04
     4.77345  4.94908e-04
     4.77433  4.56882e-04
     4.77522  4.22947e-04
     4.77610  3.93584e-04
     4.77698  3.66392e-04
     4.77787  3.41837e-04
     4.77875  3.21728e-04
     4.77963  3.03090e-04
     4.78051  2.86190e-04
     4.78140  2.71734e-04
     4.78228  2.58084e-04
     4.78316  2.45165e-04
     4.78404  2.32986e-04
     4.78493  2.21256e-04
     4.78581  2.10224e-04
     4.78669  1.99637e-04
     4.78758  1.89157e-04
     4.78846  1.78357e-04
     4.78934  1.67786e-04
     4.79022  1.57381e-04
     4.79111  1.47282e-04
     4.79199  1.37757e-04
     4.79287  1.28662e-04
     4.79375  1.20223e-04
     4.79464  1.11935e-04
     4.79552  0.00000e+00
