# microns transmission
     1.93160  0.00000e+00
     1.93328  1.33863e-04
     1.93496  1.65234e-04
     1.93664  2.00234e-04
     1.93831  2.44337e-04
     1.93999  2.96809e-04
     1.94167  3.74670e-04
     1.94335  4.53722e-04
     1.94503  5.59406e-04
     1.94671  6.87573e-04
     1.94838  8.65701e-04
     1.95006  1.04902e-03
     1.95174  1.31007e-03
     1.95342  1.62944e-03
     1.95510  2.06875e-03
     1.95678  2.57059e-03
     1.95845  3.27534e-03
     1.96013  4.12290e-03
     1.96181  5.17799e-03
     1.96349  6.67066e-03
     1.96517  8.56211e-03
     1.96685  1.09477e-02
     1.96852  1.38085e-02
     1.97020  1.84015e-02
     1.97188  2.33368e-02
     1.97356  2.88329e-02
     1.97524  3.55367e-02
     1.97692  4.30728e-02
     1.97859  5.06845e-02
     1.98027  6.25196e-02
     1.98195  7.51698e-02
     1.98363  9.02080e-02
     1.98531  1.09506e-01
     1.98699  1.36778e-01
     1.98867  1.69676e-01
     1.99034  2.05823e-01
     1.99202  2.47623e-01
     1.99370  2.89949e-01
     1.99538  3.31927e-01
     1.99706  3.67153e-01
     1.99874  3.93935e-01
     2.00041  4.24761e-01
     2.00209  4.42583e-01
     2.00377  4.50164e-01
     2.00545  4.64534e-01
     2.00713  4.69862e-01
     2.00881  4.72522e-01
     2.01048  4.69775e-01
     2.01216  4.73865e-01
     2.01384  4.75550e-01
     2.01552  4.73132e-01
     2.01720  4.73853e-01
     2.01888  4.73277e-01
     2.02055  4.71955e-01
     2.02223  4.70461e-01
     2.02391  4.73901e-01
     2.02559  4.77484e-01
     2.02727  4.73725e-01
     2.02895  4.71564e-01
     2.03063  4.74939e-01
     2.03230  4.74171e-01
     2.03398  4.74109e-01
     2.03566  4.67919e-01
     2.03734  4.73801e-01
     2.03902  4.74309e-01
     2.04070  4.67172e-01
     2.04237  4.71276e-01
     2.04405  4.69809e-01
     2.04573  4.70116e-01
     2.04741  4.70646e-01
     2.04909  4.62330e-01
     2.05077  4.75329e-01
     2.05244  4.68107e-01
     2.05412  4.67981e-01
     2.05580  4.65178e-01
     2.05748  4.67435e-01
     2.05916  4.67069e-01
     2.06084  4.73323e-01
     2.06251  4.76643e-01
     2.06419  4.68483e-01
     2.06587  4.72504e-01
     2.06755  4.72635e-01
     2.06923  4.76860e-01
     2.07091  4.78751e-01
     2.07258  4.77093e-01
     2.07426  4.77281e-01
     2.07594  4.78086e-01
     2.07762  4.79159e-01
     2.07930  4.78805e-01
     2.08098  4.77870e-01
     2.08266  4.73294e-01
     2.08433  4.80371e-01
     2.08601  4.79504e-01
     2.08769  4.77951e-01
     2.08937  4.80152e-01
     2.09105  4.74688e-01
     2.09273  4.76374e-01
     2.09440  4.85311e-01
     2.09608  4.76794e-01
     2.09776  4.72506e-01
     2.09944  4.81792e-01
     2.10112  4.71013e-01
     2.10280  4.71249e-01
     2.10447  4.67493e-01
     2.10615  4.72273e-01
     2.10783  4.63358e-01
     2.10951  4.70150e-01
     2.11119  4.66034e-01
     2.11287  4.66648e-01
     2.11454  4.65176e-01
     2.11622  4.63965e-01
     2.11790  4.70914e-01
     2.11958  4.69656e-01
     2.12126  4.65984e-01
     2.12294  4.66356e-01
     2.12461  4.65325e-01
     2.12629  4.71191e-01
     2.12797  4.70604e-01
     2.12965  4.71117e-01
     2.13133  4.70762e-01
     2.13301  4.70655e-01
     2.13469  4.70719e-01
     2.13636  4.71067e-01
     2.13804  4.72168e-01
     2.13972  4.76899e-01
     2.14140  4.70121e-01
     2.14308  4.73124e-01
     2.14476  4.68535e-01
     2.14643  4.73856e-01
     2.14811  4.70129e-01
     2.14979  4.71811e-01
     2.15147  4.68006e-01
     2.15315  4.67996e-01
     2.15483  4.69407e-01
     2.15650  4.72516e-01
     2.15818  4.67090e-01
     2.15986  4.64313e-01
     2.16154  4.64321e-01
     2.16322  4.65227e-01
     2.16490  4.60147e-01
     2.16657  4.60705e-01
     2.16825  4.60222e-01
     2.16993  4.63373e-01
     2.17161  4.58248e-01
     2.17329  4.57550e-01
     2.17497  4.61360e-01
     2.17665  4.59789e-01
     2.17832  4.57074e-01
     2.18000  4.57872e-01
     2.18168  4.59876e-01
     2.18336  4.58047e-01
     2.18504  4.51640e-01
     2.18672  4.46003e-01
     2.18839  4.39450e-01
     2.19007  4.29853e-01
     2.19175  4.11441e-01
     2.19343  3.86833e-01
     2.19511  3.61321e-01
     2.19679  3.27762e-01
     2.19846  2.91036e-01
     2.20014  2.55433e-01
     2.20182  2.29049e-01
     2.20350  1.97417e-01
     2.20518  1.74651e-01
     2.20686  1.53668e-01
     2.20853  1.32395e-01
     2.21021  1.13022e-01
     2.21189  9.43205e-02
     2.21357  7.87148e-02
     2.21525  6.37466e-02
     2.21693  5.04122e-02
     2.21861  3.94355e-02
     2.22028  3.16243e-02
     2.22196  2.43300e-02
     2.22364  1.89050e-02
     2.22532  1.48842e-02
     2.22700  1.15712e-02
     2.22868  9.25864e-03
     2.23035  7.30677e-03
     2.23203  5.79118e-03
     2.23371  4.58587e-03
     2.23539  3.68369e-03
     2.23707  2.95199e-03
     2.23875  2.36971e-03
     2.24042  1.91228e-03
     2.24210  1.53785e-03
     2.24378  1.24901e-03
     2.24546  1.01498e-03
     2.24714  8.24099e-04
     2.24882  6.71508e-04
     2.25049  5.54006e-04
     2.25217  4.52293e-04
     2.25385  3.72662e-04
     2.25553  3.03093e-04
     2.25721  2.56982e-04
     2.25889  2.14187e-04
     2.26056  1.75197e-04
     2.26224  1.48427e-04
     2.26392  1.25460e-04
     2.26560  0.00000e+00
