# microns transmission
     1.27979  0.00000e+00
     1.28202  1.55686e-04
     1.28425  2.11703e-04
     1.28648  2.90027e-04
     1.28871  3.97743e-04
     1.29095  5.52821e-04
     1.29318  7.85687e-04
     1.29541  1.12710e-03
     1.29764  1.65281e-03
     1.29987  2.50245e-03
     1.30210  3.86574e-03
     1.30433  5.97452e-03
     1.30656  8.74997e-03
     1.30879  1.09899e-02
     1.31103  1.34185e-02
     1.31326  1.71468e-02
     1.31549  2.22327e-02
     1.31772  2.94783e-02
     1.31995  4.12769e-02
     1.32218  5.97153e-02
     1.32441  8.58697e-02
     1.32664  1.20092e-01
     1.32888  1.65136e-01
     1.33111  2.19203e-01
     1.33334  2.73861e-01
     1.33557  3.20687e-01
     1.33780  3.53908e-01
     1.34003  3.72108e-01
     1.34226  3.80468e-01
     1.34449  3.84629e-01
     1.34672  3.88003e-01
     1.34896  3.89967e-01
     1.35119  3.92601e-01
     1.35342  3.94060e-01
     1.35565  3.94302e-01
     1.35788  3.93898e-01
     1.36011  3.93092e-01
     1.36234  3.91328e-01
     1.36457  3.91649e-01
     1.36681  3.90561e-01
     1.36904  3.91117e-01
     1.37127  3.91881e-01
     1.37350  3.90824e-01
     1.37573  3.90822e-01
     1.37796  3.90624e-01
     1.38019  3.89451e-01
     1.38242  3.89802e-01
     1.38465  3.89302e-01
     1.38689  3.89467e-01
     1.38912  3.89069e-01
     1.39135  3.89940e-01
     1.39358  3.90791e-01
     1.39581  3.92305e-01
     1.39804  3.94455e-01
     1.40027  3.95695e-01
     1.40250  3.97565e-01
     1.40473  3.99159e-01
     1.40697  4.01064e-01
     1.40920  4.02760e-01
     1.41143  4.03816e-01
     1.41366  4.06390e-01
     1.41589  4.07500e-01
     1.41812  4.08517e-01
     1.42035  4.09904e-01
     1.42258  4.11759e-01
     1.42482  4.13164e-01
     1.42705  4.13765e-01
     1.42928  4.14990e-01
     1.43151  4.16797e-01
     1.43374  4.16517e-01
     1.43597  4.16897e-01
     1.43820  4.18128e-01
     1.44043  4.18853e-01
     1.44266  4.19083e-01
     1.44490  4.20179e-01
     1.44713  4.20002e-01
     1.44936  4.20737e-01
     1.45159  4.21012e-01
     1.45382  4.19494e-01
     1.45605  4.19473e-01
     1.45828  4.18660e-01
     1.46051  4.16768e-01
     1.46274  4.14795e-01
     1.46498  4.14411e-01
     1.46721  4.12439e-01
     1.46944  4.11643e-01
     1.47167  4.09469e-01
     1.47390  4.09045e-01
     1.47613  4.09795e-01
     1.47836  4.10406e-01
     1.48059  4.10361e-01
     1.48283  4.11648e-01
     1.48506  4.13725e-01
     1.48729  4.15282e-01
     1.48952  4.16751e-01
     1.49175  4.19399e-01
     1.49398  4.20444e-01
     1.49621  4.22937e-01
     1.49844  4.24059e-01
     1.50067  4.27356e-01
     1.50291  4.27916e-01
     1.50514  4.29948e-01
     1.50737  4.31905e-01
     1.50960  4.34099e-01
     1.51183  4.34750e-01
     1.51406  4.36407e-01
     1.51629  4.36541e-01
     1.51852  4.36803e-01
     1.52075  4.36770e-01
     1.52299  4.37822e-01
     1.52522  4.35792e-01
     1.52745  4.36223e-01
     1.52968  4.34088e-01
     1.53191  4.34383e-01
     1.53414  4.33013e-01
     1.53637  4.32843e-01
     1.53860  4.32881e-01
     1.54084  4.31534e-01
     1.54307  4.31417e-01
     1.54530  4.30789e-01
     1.54753  4.30539e-01
     1.54976  4.29657e-01
     1.55199  4.28803e-01
     1.55422  4.28907e-01
     1.55645  4.26905e-01
     1.55868  4.26394e-01
     1.56092  4.25728e-01
     1.56315  4.24722e-01
     1.56538  4.25257e-01
     1.56761  4.26314e-01
     1.56984  4.27237e-01
     1.57207  4.29214e-01
     1.57430  4.31109e-01
     1.57653  4.33474e-01
     1.57876  4.34616e-01
     1.58100  4.37850e-01
     1.58323  4.39869e-01
     1.58546  4.42386e-01
     1.58769  4.42926e-01
     1.58992  4.43654e-01
     1.59215  4.44973e-01
     1.59438  4.44565e-01
     1.59661  4.46139e-01
     1.59885  4.46027e-01
     1.60108  4.46833e-01
     1.60331  4.45995e-01
     1.60554  4.47110e-01
     1.60777  4.46864e-01
     1.61000  4.46948e-01
     1.61223  4.46694e-01
     1.61446  4.47194e-01
     1.61669  4.47841e-01
     1.61893  4.46049e-01
     1.62116  4.45917e-01
     1.62339  4.45406e-01
     1.62562  4.44409e-01
     1.62785  4.44315e-01
     1.63008  4.42251e-01
     1.63231  4.43133e-01
     1.63454  4.42752e-01
     1.63678  4.43937e-01
     1.63901  4.44592e-01
     1.64124  4.45129e-01
     1.64347  4.46076e-01
     1.64570  4.46273e-01
     1.64793  4.47857e-01
     1.65016  4.48375e-01
     1.65239  4.50584e-01
     1.65462  4.51779e-01
     1.65686  4.47733e-01
     1.65909  4.35002e-01
     1.66132  4.07899e-01
     1.66355  3.61534e-01
     1.66578  3.03326e-01
     1.66801  2.39306e-01
     1.67024  1.77520e-01
     1.67247  1.26975e-01
     1.67470  8.97500e-02
     1.67694  6.60880e-02
     1.67917  4.92325e-02
     1.68140  3.73567e-02
     1.68363  2.85142e-02
     1.68586  2.06182e-02
     1.68809  1.41722e-02
     1.69032  9.62380e-03
     1.69255  6.53842e-03
     1.69478  4.48505e-03
     1.69702  3.11699e-03
     1.69925  2.18323e-03
     1.70148  1.55609e-03
     1.70371  1.12128e-03
     1.70594  8.21428e-04
     1.70817  6.09064e-04
     1.71040  4.57460e-04
     1.71263  3.47864e-04
     1.71487  2.66825e-04
     1.71710  2.07797e-04
     1.71933  1.63619e-04
     1.72156  1.30827e-04
     1.72379  0.00000e+00
