# microns transmission
     2.37551  0.00000e+00
     2.37692  1.52366e-04
     2.37833  2.05246e-04
     2.37975  2.78608e-04
     2.38116  3.73027e-04
     2.38257  4.93265e-04
     2.38398  6.49641e-04
     2.38540  8.57042e-04
     2.38681  1.12572e-03
     2.38822  1.48052e-03
     2.38963  1.94474e-03
     2.39104  2.55654e-03
     2.39246  3.38910e-03
     2.39387  4.52606e-03
     2.39528  6.08053e-03
     2.39669  8.20984e-03
     2.39811  1.11476e-02
     2.39952  1.52139e-02
     2.40093  2.10904e-02
     2.40234  2.92612e-02
     2.40375  4.04679e-02
     2.40517  5.55695e-02
     2.40658  7.52708e-02
     2.40799  1.00631e-01
     2.40940  1.32120e-01
     2.41082  1.68304e-01
     2.41223  2.07301e-01
     2.41364  2.46338e-01
     2.41505  2.82290e-01
     2.41646  3.11910e-01
     2.41788  3.33929e-01
     2.41929  3.49032e-01
     2.42070  3.58775e-01
     2.42211  3.64971e-01
     2.42353  3.68486e-01
     2.42494  3.70523e-01
     2.42635  3.72042e-01
     2.42776  3.73406e-01
     2.42917  3.74810e-01
     2.43059  3.76323e-01
     2.43200  3.77940e-01
     2.43341  3.79569e-01
     2.43482  3.81138e-01
     2.43623  3.82609e-01
     2.43765  3.83986e-01
     2.43906  3.85206e-01
     2.44047  3.86209e-01
     2.44188  3.86993e-01
     2.44330  3.87614e-01
     2.44471  3.88073e-01
     2.44612  3.88394e-01
     2.44753  3.88360e-01
     2.44894  3.88234e-01
     2.45036  3.88009e-01
     2.45177  3.87707e-01
     2.45318  3.87369e-01
     2.45459  3.87008e-01
     2.45601  3.86803e-01
     2.45742  3.86623e-01
     2.45883  3.86467e-01
     2.46024  3.86317e-01
     2.46165  3.86161e-01
     2.46307  3.86046e-01
     2.46448  3.86001e-01
     2.46589  3.86017e-01
     2.46730  3.86098e-01
     2.46872  3.86329e-01
     2.47013  3.86651e-01
     2.47154  3.87083e-01
     2.47295  3.87691e-01
     2.47436  3.88737e-01
     2.47578  3.89582e-01
     2.47719  3.90460e-01
     2.47860  3.91384e-01
     2.48001  3.92379e-01
     2.48143  3.93117e-01
     2.48284  3.93794e-01
     2.48425  3.94693e-01
     2.48566  3.95524e-01
     2.48707  3.96313e-01
     2.48849  3.96982e-01
     2.48990  3.97520e-01
     2.49131  3.97935e-01
     2.49272  3.98265e-01
     2.49414  3.98562e-01
     2.49555  3.98735e-01
     2.49696  3.98790e-01
     2.49837  3.98678e-01
     2.49978  3.98446e-01
     2.50120  3.98129e-01
     2.50261  3.97697e-01
     2.50402  3.97204e-01
     2.50543  3.96650e-01
     2.50685  3.96058e-01
     2.50826  3.95468e-01
     2.50967  3.94876e-01
     2.51108  3.94303e-01
     2.51249  3.93859e-01
     2.51391  3.93548e-01
     2.51532  3.93296e-01
     2.51673  3.93110e-01
     2.51814  3.92970e-01
     2.51956  3.92899e-01
     2.52097  3.92902e-01
     2.52238  3.92951e-01
     2.52379  3.93052e-01
     2.52520  3.93179e-01
     2.52662  3.93335e-01
     2.52803  3.93524e-01
     2.52944  3.93688e-01
     2.53085  3.93892e-01
     2.53227  3.94178e-01
     2.53368  3.94514e-01
     2.53509  3.94840e-01
     2.53650  3.95105e-01
     2.53791  3.95340e-01
     2.53933  3.95541e-01
     2.54074  3.95679e-01
     2.54215  3.95774e-01
     2.54356  3.95813e-01
     2.54498  3.95800e-01
     2.54639  3.95748e-01
     2.54780  3.95631e-01
     2.54921  3.95475e-01
     2.55062  3.95234e-01
     2.55204  3.94976e-01
     2.55345  3.94729e-01
     2.55486  3.94326e-01
     2.55627  3.93810e-01
     2.55769  3.93147e-01
     2.55910  3.92336e-01
     2.56051  3.91396e-01
     2.56192  3.90296e-01
     2.56333  3.89126e-01
     2.56475  3.87899e-01
     2.56616  3.86663e-01
     2.56757  3.85535e-01
     2.56898  3.84530e-01
     2.57040  3.83971e-01
     2.57181  3.83910e-01
     2.57322  3.84022e-01
     2.57463  3.84603e-01
     2.57604  3.85504e-01
     2.57746  3.86544e-01
     2.57887  3.87264e-01
     2.58028  3.87504e-01
     2.58169  3.86327e-01
     2.58311  3.82868e-01
     2.58452  3.76187e-01
     2.58593  3.64760e-01
     2.58734  3.48587e-01
     2.58875  3.27384e-01
     2.59017  3.01376e-01
     2.59158  2.71312e-01
     2.59299  2.38317e-01
     2.59440  2.03724e-01
     2.59581  1.69363e-01
     2.59723  1.37821e-01
     2.59864  1.09849e-01
     2.60005  8.59012e-02
     2.60146  6.65992e-02
     2.60288  5.12839e-02
     2.60429  3.94159e-02
     2.60570  3.02282e-02
     2.60711  2.31958e-02
     2.60852  1.78844e-02
     2.60994  1.39396e-02
     2.61135  1.09221e-02
     2.61276  8.59173e-03
     2.61417  6.79532e-03
     2.61559  5.39764e-03
     2.61700  4.32933e-03
     2.61841  3.50817e-03
     2.61982  2.85017e-03
     2.62123  2.32991e-03
     2.62265  1.90962e-03
     2.62406  1.58179e-03
     2.62547  1.32017e-03
     2.62688  1.11038e-03
     2.62830  9.36564e-04
     2.62971  7.94862e-04
     2.63112  6.80028e-04
     2.63253  5.80485e-04
     2.63394  5.09827e-04
     2.63536  4.40947e-04
     2.63677  3.85544e-04
     2.63818  3.39268e-04
     2.63959  3.05572e-04
     2.64101  2.72903e-04
     2.64242  2.43319e-04
     2.64383  2.22828e-04
     2.64524  2.00159e-04
     2.64665  1.82303e-04
     2.64807  1.63968e-04
     2.64948  1.51882e-04
     2.65089  1.36156e-04
     2.65230  1.28513e-04
     2.65372  1.17592e-04
     2.65513  1.07706e-04
     2.65654  0.00000e+00
