# microns transmission
     4.56581  0.00000e+00
     4.56672  1.29313e-04
     4.56763  1.54288e-04
     4.56854  1.82103e-04
     4.56945  2.15926e-04
     4.57036  2.53291e-04
     4.57127  2.94044e-04
     4.57218  3.43390e-04
     4.57309  3.98329e-04
     4.57400  4.57833e-04
     4.57491  5.21558e-04
     4.57582  5.88377e-04
     4.57673  6.57636e-04
     4.57764  7.29759e-04
     4.57855  7.93282e-04
     4.57946  8.50717e-04
     4.58037  9.01895e-04
     4.58128  9.46441e-04
     4.58219  9.83946e-04
     4.58310  1.00375e-03
     4.58401  1.02040e-03
     4.58492  1.03483e-03
     4.58583  1.04629e-03
     4.58674  1.06213e-03
     4.58765  1.08202e-03
     4.58856  1.10956e-03
     4.58947  1.14510e-03
     4.59038  1.18858e-03
     4.59129  1.24639e-03
     4.59220  1.31623e-03
     4.59311  1.39483e-03
     4.59402  1.48674e-03
     4.59493  1.60296e-03
     4.59584  1.73294e-03
     4.59675  1.87965e-03
     4.59766  2.05177e-03
     4.59857  2.24560e-03
     4.59948  2.46968e-03
     4.60039  2.73542e-03
     4.60130  3.03030e-03
     4.60221  3.36155e-03
     4.60312  3.76774e-03
     4.60403  4.22182e-03
     4.60494  4.73336e-03
     4.60585  5.35719e-03
     4.60676  6.06223e-03
     4.60767  6.86012e-03
     4.60858  7.83652e-03
     4.60949  8.93356e-03
     4.61040  1.01550e-02
     4.61131  1.16861e-02
     4.61222  1.34066e-02
     4.61312  1.53175e-02
     4.61403  1.76629e-02
     4.61494  2.03293e-02
     4.61585  2.33137e-02
     4.61676  2.69757e-02
     4.61767  3.11494e-02
     4.61858  3.58073e-02
     4.61949  4.14913e-02
     4.62040  4.79923e-02
     4.62131  5.52396e-02
     4.62222  6.39712e-02
     4.62313  7.38781e-02
     4.62404  8.47814e-02
     4.62495  9.75163e-02
     4.62586  1.11685e-01
     4.62677  1.26890e-01
     4.62768  1.43428e-01
     4.62859  1.61296e-01
     4.62950  1.79782e-01
     4.63041  1.98332e-01
     4.63132  2.16485e-01
     4.63223  2.34415e-01
     4.63314  2.52164e-01
     4.63405  2.67198e-01
     4.63496  2.80649e-01
     4.63587  2.92254e-01
     4.63678  3.02308e-01
     4.63769  3.10609e-01
     4.63860  3.15763e-01
     4.63951  3.19573e-01
     4.64042  3.22549e-01
     4.64133  3.24458e-01
     4.64224  3.24942e-01
     4.64315  3.25070e-01
     4.64406  3.25052e-01
     4.64497  3.24810e-01
     4.64588  3.24607e-01
     4.64679  3.24519e-01
     4.64770  3.24603e-01
     4.64861  3.24821e-01
     4.64952  3.25207e-01
     4.65043  3.25814e-01
     4.65134  3.26568e-01
     4.65225  3.27485e-01
     4.65316  3.28169e-01
     4.65407  3.28746e-01
     4.65498  3.29216e-01
     4.65589  3.29524e-01
     4.65680  3.29635e-01
     4.65771  3.29549e-01
     4.65862  3.29177e-01
     4.65953  3.28710e-01
     4.66044  3.28147e-01
     4.66135  3.27367e-01
     4.66226  3.26570e-01
     4.66317  3.25757e-01
     4.66408  3.24923e-01
     4.66499  3.24090e-01
     4.66590  3.23239e-01
     4.66681  3.22227e-01
     4.66772  3.21076e-01
     4.66863  3.19649e-01
     4.66954  3.17054e-01
     4.67045  3.13675e-01
     4.67136  3.09544e-01
     4.67227  3.03756e-01
     4.67318  2.95561e-01
     4.67409  2.85865e-01
     4.67500  2.74720e-01
     4.67591  2.60956e-01
     4.67682  2.45513e-01
     4.67773  2.28089e-01
     4.67864  2.10394e-01
     4.67955  1.92086e-01
     4.68046  1.72340e-01
     4.68137  1.53335e-01
     4.68228  1.35064e-01
     4.68319  1.18060e-01
     4.68410  1.02024e-01
     4.68501  8.71077e-02
     4.68592  7.41106e-02
     4.68683  6.30131e-02
     4.68774  5.30457e-02
     4.68865  4.44729e-02
     4.68956  3.75630e-02
     4.69047  3.15078e-02
     4.69138  2.64264e-02
     4.69229  2.24105e-02
     4.69320  1.88939e-02
     4.69411  1.59249e-02
     4.69502  1.36293e-02
     4.69593  1.16230e-02
     4.69684  9.91117e-03
     4.69775  8.57013e-03
     4.69866  7.39637e-03
     4.69957  6.39069e-03
     4.70048  5.59116e-03
     4.70139  4.88235e-03
     4.70229  4.26115e-03
     4.70321  3.76977e-03
     4.70411  3.32751e-03
     4.70502  2.93311e-03
     4.70594  2.61577e-03
     4.70684  2.33201e-03
     4.70775  2.07760e-03
     4.70866  1.86472e-03
     4.70957  1.67618e-03
     4.71048  1.50758e-03
     4.71139  1.36397e-03
     4.71230  1.23520e-03
     4.71321  1.11783e-03
     4.71412  1.01544e-03
     4.71503  9.22628e-04
     4.71594  8.37199e-04
     4.71685  7.62835e-04
     4.71776  6.96209e-04
     4.71867  6.34967e-04
     4.71958  5.80761e-04
     4.72049  5.31961e-04
     4.72140  4.86901e-04
     4.72231  4.47085e-04
     4.72322  4.11544e-04
     4.72413  3.78853e-04
     4.72504  3.50335e-04
     4.72595  3.25107e-04
     4.72686  3.02095e-04
     4.72777  2.82162e-04
     4.72868  2.66485e-04
     4.72959  2.52666e-04
     4.73050  2.40535e-04
     4.73141  2.30373e-04
     4.73232  2.20892e-04
     4.73323  2.11915e-04
     4.73414  2.03611e-04
     4.73505  1.95972e-04
     4.73596  1.89265e-04
     4.73687  1.82454e-04
     4.73778  1.75523e-04
     4.73869  1.68426e-04
     4.73960  1.60323e-04
     4.74051  1.52228e-04
     4.74142  1.44277e-04
     4.74233  1.36919e-04
     4.74324  1.29875e-04
     4.74415  1.23178e-04
     4.74506  1.17039e-04
     4.74597  1.11245e-04
     4.74688  0.00000e+00
