# microns transmission
     3.24296  0.00000e+00
     3.24671  1.13529e-04
     3.25046  1.19970e-04
     3.25420  1.37602e-04
     3.25795  1.51199e-04
     3.26170  1.73164e-04
     3.26545  2.03415e-04
     3.26920  2.35823e-04
     3.27295  2.79284e-04
     3.27669  3.34645e-04
     3.28044  4.09543e-04
     3.28419  5.11164e-04
     3.28794  6.42562e-04
     3.29169  8.25661e-04
     3.29543  1.06806e-03
     3.29918  1.38935e-03
     3.30293  1.80344e-03
     3.30668  2.32449e-03
     3.31043  2.93629e-03
     3.31417  3.62508e-03
     3.31792  4.32386e-03
     3.32167  4.99196e-03
     3.32542  5.57126e-03
     3.32917  6.05923e-03
     3.33292  6.45482e-03
     3.33666  6.80349e-03
     3.34041  7.13153e-03
     3.34416  7.44869e-03
     3.34791  7.82041e-03
     3.35166  8.24184e-03
     3.35540  8.71936e-03
     3.35915  9.31229e-03
     3.36290  1.02795e-02
     3.36665  1.15627e-02
     3.37040  1.32026e-02
     3.37415  1.56084e-02
     3.37789  1.86289e-02
     3.38164  2.23457e-02
     3.38539  2.68569e-02
     3.38914  3.26307e-02
     3.39289  3.98167e-02
     3.39663  4.89804e-02
     3.40038  6.06867e-02
     3.40413  7.55462e-02
     3.40788  9.41906e-02
     3.41163  1.17631e-01
     3.41537  1.45925e-01
     3.41912  1.78608e-01
     3.42287  2.14761e-01
     3.42662  2.52047e-01
     3.43037  2.86891e-01
     3.43412  3.16909e-01
     3.43786  3.40512e-01
     3.44161  3.57179e-01
     3.44536  3.68049e-01
     3.44911  3.74656e-01
     3.45286  3.78837e-01
     3.45660  3.81649e-01
     3.46035  3.84065e-01
     3.46410  3.87332e-01
     3.46785  3.91088e-01
     3.47160  3.95117e-01
     3.47534  3.99310e-01
     3.47909  4.04655e-01
     3.48284  4.10745e-01
     3.48659  4.16992e-01
     3.49034  4.23382e-01
     3.49409  4.29916e-01
     3.49783  4.36067e-01
     3.50158  4.41581e-01
     3.50533  4.46317e-01
     3.50908  4.50826e-01
     3.51283  4.54658e-01
     3.51657  4.57195e-01
     3.52032  4.59017e-01
     3.52407  4.60070e-01
     3.52782  4.60626e-01
     3.53157  4.60719e-01
     3.53531  4.60994e-01
     3.53906  4.60783e-01
     3.54281  4.60730e-01
     3.54656  4.60460e-01
     3.55031  4.60418e-01
     3.55406  4.61177e-01
     3.55780  4.61844e-01
     3.56155  4.63075e-01
     3.56530  4.64930e-01
     3.56905  4.67571e-01
     3.57280  4.70147e-01
     3.57654  4.72761e-01
     3.58029  4.75985e-01
     3.58404  4.78705e-01
     3.58779  4.81464e-01
     3.59154  4.83512e-01
     3.59529  4.85030e-01
     3.59903  4.86102e-01
     3.60278  4.86873e-01
     3.60653  4.87450e-01
     3.61028  4.87021e-01
     3.61403  4.85949e-01
     3.61777  4.84446e-01
     3.62152  4.83131e-01
     3.62527  4.81030e-01
     3.62902  4.78831e-01
     3.63277  4.76749e-01
     3.63651  4.74827e-01
     3.64026  4.73118e-01
     3.64401  4.71971e-01
     3.64776  4.71183e-01
     3.65151  4.71423e-01
     3.65526  4.71654e-01
     3.65900  4.72341e-01
     3.66275  4.73298e-01
     3.66650  4.74599e-01
     3.67025  4.76769e-01
     3.67400  4.78881e-01
     3.67774  4.81200e-01
     3.68149  4.83636e-01
     3.68524  4.86224e-01
     3.68899  4.88781e-01
     3.69274  4.90973e-01
     3.69648  4.93483e-01
     3.70023  4.95198e-01
     3.70398  4.96656e-01
     3.70773  4.97855e-01
     3.71148  4.98856e-01
     3.71523  4.99707e-01
     3.71897  5.00338e-01
     3.72272  5.00795e-01
     3.72647  5.01141e-01
     3.73022  5.01394e-01
     3.73397  5.01573e-01
     3.73771  5.02253e-01
     3.74146  5.02677e-01
     3.74521  5.02312e-01
     3.74896  5.01691e-01
     3.75271  5.00715e-01
     3.75646  4.99221e-01
     3.76020  4.96970e-01
     3.76395  4.93728e-01
     3.76770  4.89211e-01
     3.77145  4.83119e-01
     3.77520  4.75011e-01
     3.77894  4.65096e-01
     3.78269  4.52233e-01
     3.78644  4.36579e-01
     3.79019  4.18007e-01
     3.79394  3.96335e-01
     3.79768  3.72091e-01
     3.80143  3.45862e-01
     3.80518  3.18176e-01
     3.80893  2.89494e-01
     3.81268  2.60552e-01
     3.81643  2.32054e-01
     3.82017  2.04797e-01
     3.82392  1.78912e-01
     3.82767  1.55104e-01
     3.83142  1.33429e-01
     3.83517  1.14053e-01
     3.83891  9.70603e-02
     3.84266  8.21798e-02
     3.84641  6.93530e-02
     3.85016  5.83489e-02
     3.85391  4.89763e-02
     3.85766  4.11167e-02
     3.86140  3.44594e-02
     3.86515  2.88536e-02
     3.86890  2.41672e-02
     3.87265  2.02320e-02
     3.87640  1.69572e-02
     3.88014  1.42277e-02
     3.88389  1.19339e-02
     3.88764  1.00247e-02
     3.89139  8.43685e-03
     3.89514  7.10411e-03
     3.89888  5.99487e-03
     3.90263  5.06476e-03
     3.90638  4.27891e-03
     3.91013  3.61274e-03
     3.91388  3.06707e-03
     3.91762  2.60525e-03
     3.92137  2.21262e-03
     3.92512  1.87981e-03
     3.92887  1.59671e-03
     3.93262  1.35915e-03
     3.93637  1.15680e-03
     3.94011  9.85596e-04
     3.94386  8.43199e-04
     3.94761  7.18897e-04
     3.95136  6.11929e-04
     3.95511  5.21647e-04
     3.95885  4.45129e-04
     3.96260  3.78651e-04
     3.96635  3.17659e-04
     3.97010  2.71041e-04
     3.97385  2.24935e-04
     3.97760  1.84756e-04
     3.98134  1.52892e-04
     3.98509  1.26707e-04
     3.98884  0.00000e+00
