# microns transmission
     1.83420  0.00000e+00
     1.83460  1.14549e-04
     1.83499  1.25945e-04
     1.83539  1.39393e-04
     1.83579  1.55043e-04
     1.83618  1.70700e-04
     1.83658  1.89634e-04
     1.83698  2.08708e-04
     1.83738  2.33259e-04
     1.83777  2.64678e-04
     1.83817  2.96113e-04
     1.83857  3.43740e-04
     1.83896  3.92719e-04
     1.83936  4.54055e-04
     1.83976  5.33616e-04
     1.84015  6.13138e-04
     1.84055  7.37344e-04
     1.84095  8.67301e-04
     1.84135  1.03135e-03
     1.84174  1.25439e-03
     1.84214  1.47732e-03
     1.84254  1.82705e-03
     1.84293  2.19930e-03
     1.84333  2.63901e-03
     1.84373  3.21587e-03
     1.84412  3.79245e-03
     1.84452  4.59854e-03
     1.84492  5.45793e-03
     1.84532  6.41295e-03
     1.84571  7.59912e-03
     1.84611  8.78588e-03
     1.84651  1.01527e-02
     1.84690  1.15736e-02
     1.84730  1.30053e-02
     1.84770  1.44683e-02
     1.84809  1.59320e-02
     1.84849  1.74099e-02
     1.84889  1.88940e-02
     1.84929  2.03645e-02
     1.84968  2.17891e-02
     1.85008  2.32137e-02
     1.85048  2.47492e-02
     1.85087  2.63342e-02
     1.85127  2.79224e-02
     1.85167  2.95301e-02
     1.85206  3.11370e-02
     1.85246  3.28111e-02
     1.85286  3.45188e-02
     1.85326  3.61900e-02
     1.85365  3.76296e-02
     1.85405  3.90685e-02
     1.85445  4.13077e-02
     1.85484  4.40351e-02
     1.85524  4.67829e-02
     1.85564  4.96982e-02
     1.85603  5.26149e-02
     1.85643  5.61536e-02
     1.85683  6.01362e-02
     1.85723  6.41589e-02
     1.85762  6.87431e-02
     1.85802  7.33295e-02
     1.85842  7.89502e-02
     1.85881  8.54420e-02
     1.85921  9.19709e-02
     1.85961  1.00066e-01
     1.86000  1.08161e-01
     1.86040  1.17947e-01
     1.86080  1.29390e-01
     1.86119  1.40827e-01
     1.86159  1.55088e-01
     1.86199  1.69379e-01
     1.86239  1.85342e-01
     1.86278  2.03197e-01
     1.86318  2.21043e-01
     1.86358  2.43202e-01
     1.86397  2.65580e-01
     1.86437  2.87230e-01
     1.86477  3.07895e-01
     1.86516  3.28569e-01
     1.86556  3.47789e-01
     1.86596  3.66877e-01
     1.86636  3.83901e-01
     1.86675  3.97724e-01
     1.86715  4.11554e-01
     1.86755  4.20820e-01
     1.86794  4.29432e-01
     1.86834  4.36466e-01
     1.86874  4.40635e-01
     1.86913  4.44805e-01
     1.86953  4.47678e-01
     1.86993  4.50297e-01
     1.87033  4.52323e-01
     1.87072  4.53069e-01
     1.87112  4.53814e-01
     1.87152  4.53949e-01
     1.87191  4.53929e-01
     1.87231  4.53954e-01
     1.87271  4.54096e-01
     1.87310  4.54238e-01
     1.87350  4.53986e-01
     1.87390  4.53611e-01
     1.87430  4.53218e-01
     1.87469  4.52774e-01
     1.87509  4.52330e-01
     1.87549  4.51436e-01
     1.87588  4.50368e-01
     1.87628  4.49190e-01
     1.87668  4.47575e-01
     1.87707  4.45960e-01
     1.87747  4.43271e-01
     1.87787  4.40082e-01
     1.87827  4.36644e-01
     1.87866  4.31928e-01
     1.87906  4.27211e-01
     1.87946  4.20086e-01
     1.87985  4.11634e-01
     1.88025  4.02718e-01
     1.88065  3.90562e-01
     1.88104  3.78412e-01
     1.88144  3.63684e-01
     1.88184  3.47293e-01
     1.88224  3.30689e-01
     1.88263  3.11807e-01
     1.88303  2.92934e-01
     1.88343  2.73947e-01
     1.88382  2.54890e-01
     1.88422  2.35915e-01
     1.88462  2.18649e-01
     1.88501  2.01374e-01
     1.88541  1.85759e-01
     1.88581  1.71613e-01
     1.88621  1.57494e-01
     1.88660  1.46030e-01
     1.88700  1.34560e-01
     1.88740  1.24500e-01
     1.88779  1.15875e-01
     1.88819  1.07249e-01
     1.88859  1.00101e-01
     1.88898  9.29861e-02
     1.88938  8.67484e-02
     1.88978  8.15512e-02
     1.89017  7.63565e-02
     1.89057  7.19530e-02
     1.89097  6.76055e-02
     1.89137  6.37233e-02
     1.89176  6.04930e-02
     1.89216  5.72642e-02
     1.89256  5.42521e-02
     1.89295  5.12661e-02
     1.89335  4.85056e-02
     1.89375  4.61170e-02
     1.89414  4.37274e-02
     1.89454  4.13401e-02
     1.89494  3.89545e-02
     1.89534  3.66234e-02
     1.89573  3.44009e-02
     1.89613  3.21773e-02
     1.89653  3.01063e-02
     1.89692  2.80669e-02
     1.89732  2.60492e-02
     1.89772  2.40822e-02
     1.89811  2.21142e-02
     1.89851  2.02358e-02
     1.89891  1.83807e-02
     1.89931  1.65450e-02
     1.89970  1.47595e-02
     1.90010  1.29749e-02
     1.90050  1.14466e-02
     1.90089  1.00055e-02
     1.90129  8.63976e-03
     1.90169  7.52633e-03
     1.90208  6.41344e-03
     1.90248  5.51842e-03
     1.90288  4.71353e-03
     1.90328  3.95212e-03
     1.90367  3.37819e-03
     1.90407  2.80398e-03
     1.90447  2.36952e-03
     1.90486  2.00379e-03
     1.90526  1.65834e-03
     1.90566  1.42716e-03
     1.90605  1.19586e-03
     1.90645  1.01808e-03
     1.90685  8.71197e-04
     1.90725  7.30542e-04
     1.90764  6.38259e-04
     1.90804  5.45931e-04
     1.90844  4.74088e-04
     1.90883  4.16131e-04
     1.90923  3.59535e-04
     1.90963  3.19177e-04
     1.91002  2.78818e-04
     1.91042  2.46622e-04
     1.91082  2.20888e-04
     1.91122  1.95434e-04
     1.91161  1.76784e-04
     1.91201  1.58144e-04
     1.91241  1.42198e-04
     1.91280  1.28763e-04
     1.91320  0.00000e+00
