# microns transmission
     1.06400  0.00000e+00
     1.06588  1.39665e-04
     1.06777  1.46268e-04
     1.06965  1.87731e-04
     1.07154  1.66335e-04
     1.07342  4.81359e-04
     1.07531  6.35205e-04
     1.07719  9.16758e-04
     1.07908  1.49181e-03
     1.08096  2.27467e-03
     1.08284  3.63152e-03
     1.08473  5.86908e-03
     1.08661  1.00029e-02
     1.08850  1.69571e-02
     1.09038  2.93814e-02
     1.09227  5.10507e-02
     1.09415  8.77918e-02
     1.09604  1.43328e-01
     1.09792  2.15879e-01
     1.09980  2.96302e-01
     1.10169  3.68908e-01
     1.10357  4.21901e-01
     1.10546  4.53407e-01
     1.10734  4.70116e-01
     1.10923  4.77771e-01
     1.11111  4.81836e-01
     1.11300  4.84573e-01
     1.11488  4.86842e-01
     1.11676  4.88009e-01
     1.11865  4.88491e-01
     1.12053  4.89255e-01
     1.12242  4.90411e-01
     1.12430  4.91123e-01
     1.12619  4.91358e-01
     1.12807  4.91594e-01
     1.12995  4.90752e-01
     1.13184  4.89258e-01
     1.13372  4.88057e-01
     1.13561  4.87427e-01
     1.13749  4.87255e-01
     1.13938  4.88803e-01
     1.14126  4.90673e-01
     1.14315  4.92494e-01
     1.14503  4.93941e-01
     1.14691  4.93961e-01
     1.14880  4.93059e-01
     1.15068  4.92323e-01
     1.15257  4.91645e-01
     1.15445  4.92502e-01
     1.15634  4.95558e-01
     1.15822  4.99989e-01
     1.16011  5.05125e-01
     1.16199  5.09148e-01
     1.16387  5.11901e-01
     1.16576  5.12134e-01
     1.16764  5.10338e-01
     1.16953  5.08239e-01
     1.17141  5.06015e-01
     1.17330  5.05129e-01
     1.17518  5.05291e-01
     1.17707  5.06692e-01
     1.17895  5.09002e-01
     1.18083  5.10442e-01
     1.18272  5.11400e-01
     1.18460  5.10780e-01
     1.18649  5.09762e-01
     1.18837  5.08100e-01
     1.19026  5.07631e-01
     1.19214  5.07766e-01
     1.19403  5.08781e-01
     1.19591  5.10778e-01
     1.19779  5.13103e-01
     1.19968  5.15003e-01
     1.20156  5.15987e-01
     1.20345  5.16998e-01
     1.20533  5.16563e-01
     1.20722  5.16862e-01
     1.20910  5.17461e-01
     1.21098  5.18820e-01
     1.21287  5.20025e-01
     1.21475  5.21532e-01
     1.21664  5.21915e-01
     1.21852  5.21878e-01
     1.22041  5.21219e-01
     1.22229  5.19910e-01
     1.22418  5.18013e-01
     1.22606  5.17676e-01
     1.22794  5.18259e-01
     1.22983  5.20191e-01
     1.23171  5.22803e-01
     1.23360  5.25913e-01
     1.23548  5.28609e-01
     1.23737  5.30317e-01
     1.23925  5.30994e-01
     1.24114  5.30552e-01
     1.24302  5.29867e-01
     1.24490  5.28811e-01
     1.24679  5.29190e-01
     1.24867  5.30243e-01
     1.25056  5.32036e-01
     1.25244  5.33418e-01
     1.25433  5.34789e-01
     1.25621  5.34814e-01
     1.25810  5.33819e-01
     1.25998  5.31434e-01
     1.26186  5.28929e-01
     1.26375  5.26010e-01
     1.26563  5.24303e-01
     1.26752  5.23888e-01
     1.26940  5.25417e-01
     1.27129  5.27257e-01
     1.27317  5.30920e-01
     1.27506  5.34393e-01
     1.27694  5.37067e-01
     1.27882  5.39805e-01
     1.28071  5.41598e-01
     1.28259  5.42679e-01
     1.28448  5.42568e-01
     1.28636  5.42384e-01
     1.28825  5.41319e-01
     1.29013  5.39931e-01
     1.29202  5.37116e-01
     1.29390  5.34241e-01
     1.29578  5.30321e-01
     1.29767  5.26276e-01
     1.29955  5.22772e-01
     1.30144  5.19804e-01
     1.30332  5.18813e-01
     1.30521  5.19142e-01
     1.30709  5.21334e-01
     1.30897  5.25384e-01
     1.31086  5.30179e-01
     1.31274  5.35583e-01
     1.31463  5.40289e-01
     1.31651  5.44206e-01
     1.31840  5.47292e-01
     1.32028  5.49199e-01
     1.32217  5.50030e-01
     1.32405  5.50044e-01
     1.32593  5.50184e-01
     1.32782  5.49894e-01
     1.32970  5.48952e-01
     1.33159  5.47618e-01
     1.33347  5.45413e-01
     1.33536  5.41569e-01
     1.33724  5.37149e-01
     1.33913  5.33020e-01
     1.34101  5.28640e-01
     1.34289  5.24428e-01
     1.34478  5.22397e-01
     1.34666  5.21286e-01
     1.34855  5.22017e-01
     1.35043  5.23840e-01
     1.35232  5.26344e-01
     1.35420  5.29219e-01
     1.35609  5.31789e-01
     1.35797  5.34569e-01
     1.35985  5.36612e-01
     1.36174  5.36744e-01
     1.36362  5.36516e-01
     1.36551  5.36237e-01
     1.36739  5.35769e-01
     1.36928  5.34589e-01
     1.37116  5.32715e-01
     1.37305  5.30745e-01
     1.37493  5.28273e-01
     1.37681  5.24708e-01
     1.37870  5.19941e-01
     1.38058  5.13630e-01
     1.38247  5.05930e-01
     1.38435  5.00618e-01
     1.38624  4.97654e-01
     1.38812  4.97921e-01
     1.39001  5.03165e-01
     1.39189  5.09718e-01
     1.39377  5.03820e-01
     1.39566  4.68997e-01
     1.39754  3.98743e-01
     1.39943  2.97629e-01
     1.40131  1.95799e-01
     1.40320  1.12933e-01
     1.40508  6.38917e-02
     1.40696  3.60332e-02
     1.40885  2.04040e-02
     1.41073  1.23008e-02
     1.41262  7.57373e-03
     1.41450  4.75501e-03
     1.41639  3.37401e-03
     1.41827  2.08792e-03
     1.42016  1.37328e-03
     1.42204  9.85581e-04
     1.42392  6.58973e-04
     1.42581  4.49966e-04
     1.42769  3.37348e-04
     1.42958  2.99684e-04
     1.43146  2.62011e-04
     1.43335  2.24331e-04
     1.43523  1.86633e-04
     1.43712  1.48930e-04
     1.43900  0.00000e+00
