# microns transmission
     0.86900  0.00000e+00
     0.87180  2.89477e-04
     0.87460  5.00981e-04
     0.87740  1.13093e-03
     0.88020  2.31260e-03
     0.88300  5.19695e-03
     0.88581  1.21430e-02
     0.88861  2.74441e-02
     0.89141  5.74262e-02
     0.89421  1.04187e-01
     0.89701  1.66848e-01
     0.89981  2.35926e-01
     0.90261  2.94645e-01
     0.90541  3.34145e-01
     0.90821  3.50944e-01
     0.91101  3.51644e-01
     0.91382  3.49810e-01
     0.91662  3.54736e-01
     0.91942  3.68265e-01
     0.92222  3.84467e-01
     0.92502  3.96312e-01
     0.92782  3.98470e-01
     0.93062  3.93529e-01
     0.93342  3.88557e-01
     0.93622  3.90675e-01
     0.93902  4.00588e-01
     0.94182  4.11924e-01
     0.94463  4.19160e-01
     0.94743  4.19510e-01
     0.95023  4.15258e-01
     0.95303  4.11660e-01
     0.95583  4.14103e-01
     0.95863  4.21267e-01
     0.96143  4.29386e-01
     0.96423  4.33473e-01
     0.96703  4.31854e-01
     0.96983  4.27365e-01
     0.97264  4.24295e-01
     0.97544  4.26385e-01
     0.97824  4.32341e-01
     0.98104  4.38971e-01
     0.98384  4.41187e-01
     0.98664  4.38660e-01
     0.98944  4.33418e-01
     0.99224  4.29506e-01
     0.99504  4.30473e-01
     0.99784  4.36822e-01
     1.00064  4.44870e-01
     1.00345  4.51321e-01
     1.00625  4.51281e-01
     1.00905  4.45687e-01
     1.01185  4.37726e-01
     1.01465  4.33138e-01
     1.01745  4.34779e-01
     1.02025  4.42453e-01
     1.02305  4.54549e-01
     1.02585  4.65718e-01
     1.02865  4.71965e-01
     1.03146  4.72346e-01
     1.03426  4.68740e-01
     1.03706  4.65047e-01
     1.03986  4.64200e-01
     1.04266  4.67984e-01
     1.04546  4.74512e-01
     1.04826  4.81753e-01
     1.05106  4.86295e-01
     1.05386  4.86581e-01
     1.05666  4.83653e-01
     1.05946  4.79917e-01
     1.06227  4.77929e-01
     1.06507  4.78762e-01
     1.06787  4.82153e-01
     1.07067  4.87313e-01
     1.07347  4.91245e-01
     1.07627  4.93325e-01
     1.07907  4.92884e-01
     1.08187  4.90960e-01
     1.08467  4.89259e-01
     1.08747  4.89278e-01
     1.09028  4.90651e-01
     1.09308  4.93068e-01
     1.09588  4.95352e-01
     1.09868  4.96772e-01
     1.10148  4.96153e-01
     1.10428  4.94263e-01
     1.10708  4.92605e-01
     1.10988  4.91500e-01
     1.11268  4.92280e-01
     1.11548  4.94826e-01
     1.11828  4.97607e-01
     1.12109  5.00105e-01
     1.12389  5.00645e-01
     1.12669  4.99155e-01
     1.12949  4.96655e-01
     1.13229  4.93395e-01
     1.13509  4.91643e-01
     1.13789  4.91829e-01
     1.14069  4.94532e-01
     1.14349  4.98695e-01
     1.14629  5.03610e-01
     1.14910  5.07520e-01
     1.15190  5.09800e-01
     1.15470  5.09870e-01
     1.15750  5.08314e-01
     1.16030  5.06546e-01
     1.16310  5.05239e-01
     1.16590  5.05670e-01
     1.16870  5.07656e-01
     1.17150  5.10655e-01
     1.17430  5.14423e-01
     1.17710  5.17067e-01
     1.17991  5.18714e-01
     1.18271  5.18781e-01
     1.18551  5.17614e-01
     1.18831  5.16161e-01
     1.19111  5.15670e-01
     1.19391  5.15795e-01
     1.19671  5.17759e-01
     1.19951  5.20558e-01
     1.20231  5.23242e-01
     1.20511  5.25458e-01
     1.20792  5.26341e-01
     1.21072  5.25739e-01
     1.21352  5.23970e-01
     1.21632  5.22138e-01
     1.21912  5.21070e-01
     1.22192  5.21142e-01
     1.22472  5.22188e-01
     1.22752  5.24930e-01
     1.23032  5.28308e-01
     1.23312  5.31171e-01
     1.23592  5.33372e-01
     1.23873  5.34287e-01
     1.24153  5.33719e-01
     1.24433  5.32333e-01
     1.24713  5.31193e-01
     1.24993  5.30591e-01
     1.25273  5.30644e-01
     1.25553  5.32425e-01
     1.25833  5.35394e-01
     1.26113  5.38595e-01
     1.26393  5.41397e-01
     1.26674  5.43471e-01
     1.26954  5.44190e-01
     1.27234  5.43485e-01
     1.27514  5.41893e-01
     1.27794  5.40303e-01
     1.28074  5.38684e-01
     1.28354  5.38322e-01
     1.28634  5.39117e-01
     1.28914  5.40443e-01
     1.29194  5.42710e-01
     1.29474  5.44657e-01
     1.29755  5.45327e-01
     1.30035  5.44945e-01
     1.30315  5.43452e-01
     1.30595  5.40363e-01
     1.30875  5.37017e-01
     1.31155  5.33555e-01
     1.31435  5.31932e-01
     1.31715  5.31963e-01
     1.31995  5.33650e-01
     1.32275  5.37607e-01
     1.32556  5.42403e-01
     1.32836  5.48150e-01
     1.33116  5.52491e-01
     1.33396  5.55100e-01
     1.33676  5.54158e-01
     1.33956  5.50634e-01
     1.34236  5.43704e-01
     1.34516  5.36203e-01
     1.34796  5.28929e-01
     1.35076  5.24028e-01
     1.35357  5.21492e-01
     1.35637  5.21537e-01
     1.35917  5.23269e-01
     1.36197  5.22413e-01
     1.36477  5.18881e-01
     1.36757  5.13016e-01
     1.37037  5.04468e-01
     1.37317  4.96916e-01
     1.37597  4.92749e-01
     1.37877  4.92682e-01
     1.38157  4.95639e-01
     1.38438  4.98487e-01
     1.38718  4.95999e-01
     1.38998  4.86380e-01
     1.39278  4.78482e-01
     1.39558  4.70721e-01
     1.39838  4.20640e-01
     1.40118  2.84501e-01
     1.40398  1.32713e-01
     1.40678  4.63623e-02
     1.40958  1.43305e-02
     1.41239  5.00489e-03
     1.41519  2.13157e-03
     1.41799  7.11631e-04
     1.42079  4.15112e-04
     1.42359  2.00217e-04
     1.42639  0.00000e+00
