# microns transmission
     1.13700  0.00000e+00
     1.13955  1.28775e-04
     1.14211  1.42825e-04
     1.14466  1.56999e-04
     1.14721  1.71174e-04
     1.14976  1.85458e-04
     1.15232  1.99677e-04
     1.15487  2.14043e-04
     1.15742  2.28316e-04
     1.15997  2.42794e-04
     1.16253  2.57122e-04
     1.16508  2.71704e-04
     1.16763  2.86097e-04
     1.17019  3.00775e-04
     1.17274  3.15437e-04
     1.17529  3.60142e-04
     1.17784  6.46051e-04
     1.18040  1.50873e-03
     1.18295  3.08073e-03
     1.18550  5.69907e-03
     1.18806  1.01598e-02
     1.19061  1.89505e-02
     1.19316  3.66690e-02
     1.19571  7.31827e-02
     1.19827  1.46474e-01
     1.20082  2.93268e-01
     1.20337  4.38706e-01
     1.20592  5.13509e-01
     1.20848  5.26599e-01
     1.21103  5.24584e-01
     1.21358  5.23983e-01
     1.21614  5.26064e-01
     1.21869  5.28060e-01
     1.22124  5.31807e-01
     1.22379  5.34662e-01
     1.22635  5.35954e-01
     1.22890  5.34861e-01
     1.23145  5.32636e-01
     1.23400  5.31207e-01
     1.23656  5.30321e-01
     1.23911  5.31753e-01
     1.24166  5.33294e-01
     1.24422  5.34470e-01
     1.24677  5.34773e-01
     1.24932  5.34458e-01
     1.25187  5.32758e-01
     1.25443  5.31384e-01
     1.25698  5.30692e-01
     1.25953  5.31668e-01
     1.26209  5.34273e-01
     1.26464  5.37596e-01
     1.26719  5.41203e-01
     1.26974  5.44243e-01
     1.27230  5.45234e-01
     1.27485  5.45108e-01
     1.27740  5.42891e-01
     1.27995  5.41364e-01
     1.28251  5.41329e-01
     1.28506  5.41629e-01
     1.28761  5.44060e-01
     1.29017  5.46736e-01
     1.29272  5.48214e-01
     1.29527  5.48801e-01
     1.29782  5.47801e-01
     1.30038  5.46883e-01
     1.30293  5.44922e-01
     1.30548  5.44386e-01
     1.30804  5.45142e-01
     1.31059  5.45560e-01
     1.31314  5.47803e-01
     1.31569  5.48548e-01
     1.31825  5.49687e-01
     1.32080  5.50208e-01
     1.32335  5.51218e-01
     1.32590  5.51900e-01
     1.32846  5.53962e-01
     1.33101  5.54522e-01
     1.33356  5.54897e-01
     1.33612  5.54334e-01
     1.33867  5.53568e-01
     1.34122  5.50924e-01
     1.34377  5.48201e-01
     1.34633  5.45744e-01
     1.34888  5.45964e-01
     1.35143  5.46211e-01
     1.35398  5.47340e-01
     1.35654  5.49673e-01
     1.35909  5.49527e-01
     1.36164  5.49030e-01
     1.36420  5.49707e-01
     1.36675  5.45310e-01
     1.36930  5.42994e-01
     1.37185  5.39251e-01
     1.37441  5.36154e-01
     1.37696  5.32364e-01
     1.37951  5.27822e-01
     1.38207  5.24240e-01
     1.38462  5.24526e-01
     1.38717  5.25580e-01
     1.38972  5.27505e-01
     1.39228  5.30330e-01
     1.39483  5.30170e-01
     1.39738  5.34713e-01
     1.39993  5.37540e-01
     1.40249  5.38005e-01
     1.40504  5.41145e-01
     1.40759  5.42801e-01
     1.41015  5.45586e-01
     1.41270  5.46303e-01
     1.41525  5.47963e-01
     1.41780  5.48353e-01
     1.42036  5.48602e-01
     1.42291  5.48565e-01
     1.42546  5.48220e-01
     1.42801  5.47251e-01
     1.43057  5.48367e-01
     1.43312  5.47693e-01
     1.43567  5.47935e-01
     1.43823  5.48840e-01
     1.44078  5.48710e-01
     1.44333  5.49606e-01
     1.44588  5.50738e-01
     1.44844  5.50466e-01
     1.45099  5.52251e-01
     1.45354  5.52457e-01
     1.45610  5.52140e-01
     1.45865  5.50478e-01
     1.46120  5.49172e-01
     1.46375  5.47783e-01
     1.46631  5.45581e-01
     1.46886  5.44997e-01
     1.47141  5.44784e-01
     1.47396  5.45920e-01
     1.47652  5.46007e-01
     1.47907  5.47400e-01
     1.48162  5.48450e-01
     1.48418  5.49439e-01
     1.48673  5.50287e-01
     1.48928  5.50334e-01
     1.49183  5.51400e-01
     1.49439  5.52040e-01
     1.49694  5.53857e-01
     1.49949  5.54385e-01
     1.50205  5.54440e-01
     1.50460  5.54095e-01
     1.50715  5.52164e-01
     1.50970  5.49549e-01
     1.51226  5.46424e-01
     1.51481  5.41992e-01
     1.51736  5.37087e-01
     1.51991  5.32836e-01
     1.52247  5.28816e-01
     1.52502  5.26722e-01
     1.52757  5.25038e-01
     1.53013  5.24043e-01
     1.53268  5.23752e-01
     1.53523  5.24038e-01
     1.53778  5.24618e-01
     1.54034  5.25631e-01
     1.54289  5.25961e-01
     1.54544  5.26252e-01
     1.54799  5.26395e-01
     1.55055  5.25877e-01
     1.55310  5.25621e-01
     1.55565  5.24244e-01
     1.55821  5.22495e-01
     1.56076  5.20201e-01
     1.56331  5.16650e-01
     1.56586  5.12422e-01
     1.56842  5.07729e-01
     1.57097  5.03437e-01
     1.57352  4.98725e-01
     1.57608  4.96153e-01
     1.57863  4.96154e-01
     1.58118  4.99897e-01
     1.58373  5.07301e-01
     1.58629  5.12836e-01
     1.58884  4.94128e-01
     1.59139  4.26457e-01
     1.59394  3.11875e-01
     1.59650  1.92162e-01
     1.59905  1.09771e-01
     1.60160  6.05163e-02
     1.60416  3.28292e-02
     1.60671  1.86456e-02
     1.60926  1.12120e-02
     1.61181  6.83603e-03
     1.61437  4.18144e-03
     1.61692  2.68319e-03
     1.61947  1.80424e-03
     1.62203  1.22924e-03
     1.62458  8.11907e-04
     1.62713  6.05374e-04
     1.62968  4.65682e-04
     1.63224  3.17763e-04
     1.63479  1.83555e-04
     1.63734  1.42393e-04
     1.63989  1.31790e-04
     1.64245  1.21425e-04
     1.64500  0.00000e+00
