# microns transmission
     0.77760  0.00000e+00
     0.77918  6.24081e-05
     0.78076  8.03314e-05
     0.78234  1.04253e-04
     0.78392  1.27825e-04
     0.78550  1.74410e-04
     0.78708  2.21556e-04
     0.78866  2.88321e-04
     0.79024  3.82085e-04
     0.79182  4.74320e-04
     0.79340  6.52700e-04
     0.79498  8.38884e-04
     0.79656  1.09774e-03
     0.79815  1.49041e-03
     0.79973  1.88741e-03
     0.80131  3.18943e-03
     0.80289  4.16441e-03
     0.80447  5.50943e-03
     0.80605  7.09476e-03
     0.80763  9.13243e-03
     0.80921  1.21454e-02
     0.81079  1.57462e-02
     0.81237  1.97414e-02
     0.81395  2.44495e-02
     0.81553  3.06461e-02
     0.81711  3.74037e-02
     0.81869  4.51979e-02
     0.82027  5.40169e-02
     0.82185  6.29792e-02
     0.82343  7.33359e-02
     0.82501  8.28011e-02
     0.82659  9.59113e-02
     0.82817  1.08016e-01
     0.82975  1.21146e-01
     0.83133  1.32027e-01
     0.83291  1.45354e-01
     0.83449  1.57518e-01
     0.83607  1.66620e-01
     0.83766  1.79196e-01
     0.83924  1.87975e-01
     0.84082  1.99029e-01
     0.84240  2.03539e-01
     0.84398  2.13649e-01
     0.84556  2.16427e-01
     0.84714  2.23788e-01
     0.84872  2.29948e-01
     0.85030  2.33187e-01
     0.85188  2.38255e-01
     0.85346  2.41034e-01
     0.85504  2.43203e-01
     0.85662  2.44398e-01
     0.85820  2.46148e-01
     0.85978  2.46472e-01
     0.86136  2.49880e-01
     0.86294  2.49315e-01
     0.86452  2.46116e-01
     0.86610  2.46647e-01
     0.86768  2.46224e-01
     0.86926  2.45960e-01
     0.87084  2.45340e-01
     0.87242  2.43192e-01
     0.87400  2.41257e-01
     0.87558  2.40831e-01
     0.87717  2.39498e-01
     0.87875  2.37399e-01
     0.88033  2.35618e-01
     0.88191  2.33728e-01
     0.88349  2.29467e-01
     0.88507  2.29811e-01
     0.88665  2.27482e-01
     0.88823  2.25272e-01
     0.88981  2.23312e-01
     0.89139  2.20384e-01
     0.89297  2.18378e-01
     0.89455  2.16532e-01
     0.89613  2.13754e-01
     0.89771  2.11361e-01
     0.89929  2.09793e-01
     0.90087  2.07520e-01
     0.90245  2.04402e-01
     0.90403  2.01662e-01
     0.90561  1.99432e-01
     0.90719  1.96919e-01
     0.90877  1.95058e-01
     0.91035  1.92021e-01
     0.91193  1.89866e-01
     0.91351  1.87389e-01
     0.91509  1.84977e-01
     0.91668  1.83703e-01
     0.91826  1.79360e-01
     0.91984  1.77274e-01
     0.92142  1.75102e-01
     0.92300  1.72996e-01
     0.92458  1.70468e-01
     0.92616  1.67750e-01
     0.92774  1.66295e-01
     0.92932  1.64038e-01
     0.93090  1.61605e-01
     0.93248  1.58626e-01
     0.93406  1.56904e-01
     0.93564  1.54104e-01
     0.93722  1.51885e-01
     0.93880  1.49365e-01
     0.94038  1.46112e-01
     0.94196  1.42865e-01
     0.94354  1.40222e-01
     0.94512  1.37401e-01
     0.94670  1.34012e-01
     0.94828  1.31252e-01
     0.94986  1.28015e-01
     0.95144  1.24511e-01
     0.95302  1.21035e-01
     0.95461  1.18042e-01
     0.95619  1.15806e-01
     0.95777  1.13538e-01
     0.95935  1.10511e-01
     0.96093  1.07595e-01
     0.96251  1.04728e-01
     0.96409  1.02137e-01
     0.96567  9.95379e-02
     0.96725  9.66807e-02
     0.96883  9.37723e-02
     0.97041  9.10311e-02
     0.97199  8.85021e-02
     0.97357  8.60014e-02
     0.97515  8.33673e-02
     0.97673  8.07326e-02
     0.97831  7.80772e-02
     0.97989  7.56418e-02
     0.98147  7.40518e-02
     0.98305  7.22945e-02
     0.98463  7.03798e-02
     0.98621  6.85209e-02
     0.98779  6.68852e-02
     0.98937  6.52062e-02
     0.99095  6.34232e-02
     0.99253  6.15794e-02
     0.99412  5.97288e-02
     0.99570  5.81246e-02
     0.99728  5.65062e-02
     0.99886  5.47133e-02
     1.00044  5.29303e-02
     1.00202  5.14438e-02
     1.00360  5.01950e-02
     1.00518  4.89240e-02
     1.00676  4.75623e-02
     1.00834  4.61252e-02
     1.00992  4.46988e-02
     1.01150  4.33936e-02
     1.01308  4.21013e-02
     1.01466  4.07340e-02
     1.01624  3.92358e-02
     1.01782  3.77737e-02
     1.01940  3.63925e-02
     1.02098  3.52563e-02
     1.02256  3.42478e-02
     1.02414  3.32192e-02
     1.02572  3.21966e-02
     1.02730  3.11439e-02
     1.02888  3.01108e-02
     1.03046  2.90897e-02
     1.03204  2.80592e-02
     1.03363  2.70311e-02
     1.03521  2.60051e-02
     1.03679  2.49810e-02
     1.03837  2.39323e-02
     1.03995  2.28466e-02
     1.04153  2.20365e-02
     1.04311  2.12682e-02
     1.04469  2.05126e-02
     1.04627  1.97430e-02
     1.04785  1.89384e-02
     1.04943  1.81199e-02
     1.05101  1.73410e-02
     1.05259  1.65758e-02
     1.05417  1.57889e-02
     1.05575  1.50079e-02
     1.05733  1.42406e-02
     1.05891  1.34565e-02
     1.06049  1.27546e-02
     1.06207  1.21876e-02
     1.06365  1.16282e-02
     1.06523  1.10643e-02
     1.06681  1.04999e-02
     1.06839  9.93838e-03
     1.06997  9.37238e-03
     1.07155  8.80275e-03
     1.07314  8.23697e-03
     1.07472  7.67305e-03
     1.07630  7.11673e-03
     1.07788  6.55418e-03
     1.07946  5.99968e-03
     1.08104  5.04499e-03
     1.08262  3.97477e-03
     1.08420  3.02606e-03
     1.08578  2.19674e-03
     1.08736  1.48512e-03
     1.08894  8.91226e-04
     1.09052  4.14414e-04
     1.09210  0.00000e+00
