# microns transmission
     0.65060  0.00000e+00
     0.65174  2.42161e-04
     0.65287  3.98296e-04
     0.65401  5.54539e-04
     0.65515  7.12004e-04
     0.65629  8.68596e-04
     0.65742  1.02578e-03
     0.65856  1.18260e-03
     0.65970  1.33981e-03
     0.66083  1.49758e-03
     0.66197  1.65453e-03
     0.66311  1.81169e-03
     0.66425  1.96934e-03
     0.66538  2.12642e-03
     0.66652  2.28423e-03
     0.66766  2.44154e-03
     0.66879  2.59990e-03
     0.66993  2.75815e-03
     0.67107  2.91462e-03
     0.67221  3.07525e-03
     0.67334  3.23269e-03
     0.67448  3.38880e-03
     0.67562  3.54808e-03
     0.67676  3.70345e-03
     0.67789  3.86093e-03
     0.67903  4.01933e-03
     0.68017  4.37287e-03
     0.68130  6.00202e-03
     0.68244  8.32324e-03
     0.68358  1.14385e-02
     0.68472  1.54092e-02
     0.68585  2.05716e-02
     0.68699  2.69842e-02
     0.68813  3.61949e-02
     0.68926  4.70184e-02
     0.69040  5.88767e-02
     0.69154  7.24388e-02
     0.69268  8.71587e-02
     0.69381  1.04732e-01
     0.69495  1.22862e-01
     0.69609  1.44128e-01
     0.69722  1.66643e-01
     0.69836  1.84643e-01
     0.69950  2.06156e-01
     0.70064  2.29541e-01
     0.70177  2.49583e-01
     0.70291  2.66667e-01
     0.70405  2.86127e-01
     0.70518  2.99084e-01
     0.70632  3.13987e-01
     0.70746  3.28164e-01
     0.70860  3.40749e-01
     0.70973  3.50081e-01
     0.71087  3.60755e-01
     0.71201  3.74633e-01
     0.71315  3.74127e-01
     0.71428  3.84685e-01
     0.71542  3.92439e-01
     0.71656  3.96667e-01
     0.71769  3.98951e-01
     0.71883  4.03069e-01
     0.71997  4.08648e-01
     0.72111  4.15384e-01
     0.72224  4.17186e-01
     0.72338  4.19474e-01
     0.72452  4.20642e-01
     0.72565  4.19579e-01
     0.72679  4.21580e-01
     0.72793  4.22195e-01
     0.72907  4.15425e-01
     0.73020  4.18958e-01
     0.73134  4.25114e-01
     0.73248  4.26083e-01
     0.73361  4.21045e-01
     0.73475  4.23687e-01
     0.73589  4.25147e-01
     0.73703  4.21939e-01
     0.73816  4.27299e-01
     0.73930  4.23138e-01
     0.74044  4.24183e-01
     0.74157  4.21690e-01
     0.74271  4.17261e-01
     0.74385  4.16731e-01
     0.74499  4.11823e-01
     0.74612  4.12389e-01
     0.74726  4.10849e-01
     0.74840  4.10900e-01
     0.74954  4.11677e-01
     0.75067  4.11455e-01
     0.75181  4.12648e-01
     0.75295  4.17450e-01
     0.75408  4.15924e-01
     0.75522  4.16177e-01
     0.75636  4.13712e-01
     0.75750  4.13394e-01
     0.75863  4.11359e-01
     0.75977  4.08056e-01
     0.76091  4.06873e-01
     0.76204  4.08148e-01
     0.76318  4.07523e-01
     0.76432  4.04056e-01
     0.76546  4.02200e-01
     0.76659  4.04175e-01
     0.76773  4.01186e-01
     0.76887  3.95599e-01
     0.77000  3.91281e-01
     0.77114  3.86657e-01
     0.77228  3.82258e-01
     0.77342  3.78352e-01
     0.77455  3.75087e-01
     0.77569  3.75204e-01
     0.77683  3.73172e-01
     0.77796  3.74072e-01
     0.77910  3.77127e-01
     0.78024  3.78210e-01
     0.78138  3.79723e-01
     0.78251  3.80364e-01
     0.78365  3.80092e-01
     0.78479  3.81694e-01
     0.78593  3.73311e-01
     0.78706  3.74052e-01
     0.78820  3.69611e-01
     0.78934  3.67041e-01
     0.79047  3.64227e-01
     0.79161  3.61292e-01
     0.79275  3.59785e-01
     0.79389  3.56890e-01
     0.79502  3.54988e-01
     0.79616  3.49868e-01
     0.79730  3.48870e-01
     0.79843  3.45738e-01
     0.79957  3.43008e-01
     0.80071  3.40118e-01
     0.80185  3.34503e-01
     0.80298  3.34567e-01
     0.80412  3.32669e-01
     0.80526  3.33597e-01
     0.80639  3.33158e-01
     0.80753  3.33553e-01
     0.80867  3.34730e-01
     0.80981  3.34579e-01
     0.81094  3.36072e-01
     0.81208  3.33912e-01
     0.81322  3.33787e-01
     0.81435  3.31616e-01
     0.81549  3.29702e-01
     0.81663  3.29666e-01
     0.81777  3.27825e-01
     0.81890  3.28123e-01
     0.82004  3.25842e-01
     0.82118  3.27092e-01
     0.82232  3.23908e-01
     0.82345  3.20604e-01
     0.82459  3.14000e-01
     0.82573  3.11963e-01
     0.82686  3.10095e-01
     0.82800  3.05495e-01
     0.82914  3.00651e-01
     0.83028  2.95598e-01
     0.83141  2.94299e-01
     0.83255  2.91087e-01
     0.83369  2.87236e-01
     0.83482  2.86392e-01
     0.83596  2.84501e-01
     0.83710  2.80041e-01
     0.83824  2.81359e-01
     0.83937  2.81443e-01
     0.84051  2.80861e-01
     0.84165  2.80351e-01
     0.84278  2.77211e-01
     0.84392  2.72308e-01
     0.84506  2.66777e-01
     0.84620  2.59354e-01
     0.84733  2.53278e-01
     0.84847  2.46152e-01
     0.84961  2.34524e-01
     0.85074  2.17907e-01
     0.85188  1.93393e-01
     0.85302  1.60355e-01
     0.85416  1.21418e-01
     0.85529  8.34100e-02
     0.85643  5.28539e-02
     0.85757  3.19537e-02
     0.85871  1.92827e-02
     0.85984  1.19806e-02
     0.86098  7.65475e-03
     0.86212  5.19200e-03
     0.86325  3.58344e-03
     0.86439  2.48747e-03
     0.86553  1.73260e-03
     0.86667  1.22248e-03
     0.86780  9.68533e-04
     0.86894  7.90295e-04
     0.87008  6.16020e-04
     0.87121  4.55873e-04
     0.87235  3.57223e-04
     0.87349  2.59868e-04
     0.87463  1.64085e-04
     0.87576  1.14459e-04
     0.87690  0.00000e+00
