# microns transmission
     0.35260  0.00000e+00
     0.35333  1.54440e-04
     0.35406  2.36540e-04
     0.35479  3.21862e-04
     0.35552  4.10724e-04
     0.35625  5.16236e-04
     0.35698  6.51190e-04
     0.35771  7.91171e-04
     0.35844  1.09467e-03
     0.35917  1.62584e-03
     0.35990  2.54547e-03
     0.36063  3.86788e-03
     0.36136  5.27504e-03
     0.36209  6.72121e-03
     0.36282  8.31000e-03
     0.36355  1.08322e-02
     0.36428  1.42549e-02
     0.36501  1.86325e-02
     0.36574  2.22539e-02
     0.36647  2.47269e-02
     0.36720  2.69417e-02
     0.36793  3.01938e-02
     0.36866  3.53199e-02
     0.36939  4.09219e-02
     0.37012  4.64046e-02
     0.37085  5.00571e-02
     0.37158  5.41855e-02
     0.37231  5.84419e-02
     0.37304  6.29974e-02
     0.37377  7.23199e-02
     0.37450  8.04436e-02
     0.37523  8.77045e-02
     0.37596  9.42637e-02
     0.37669  9.82077e-02
     0.37743  1.03125e-01
     0.37816  1.08893e-01
     0.37889  1.14768e-01
     0.37962  1.20648e-01
     0.38035  1.24161e-01
     0.38108  1.25799e-01
     0.38181  1.34978e-01
     0.38254  1.40250e-01
     0.38327  1.45975e-01
     0.38400  1.55106e-01
     0.38473  1.59554e-01
     0.38546  1.65244e-01
     0.38619  1.71009e-01
     0.38692  1.74628e-01
     0.38765  1.79762e-01
     0.38838  1.83856e-01
     0.38911  1.87458e-01
     0.38984  1.95265e-01
     0.39057  1.99730e-01
     0.39130  2.05281e-01
     0.39203  2.13837e-01
     0.39276  2.20185e-01
     0.39349  2.25826e-01
     0.39422  2.30897e-01
     0.39495  2.35456e-01
     0.39568  2.39568e-01
     0.39641  2.42549e-01
     0.39714  2.44795e-01
     0.39787  2.47706e-01
     0.39860  2.50177e-01
     0.39933  2.52916e-01
     0.40006  2.55851e-01
     0.40079  2.55766e-01
     0.40152  2.60870e-01
     0.40225  2.65698e-01
     0.40298  2.65845e-01
     0.40371  2.73202e-01
     0.40444  2.75047e-01
     0.40517  2.75414e-01
     0.40590  2.83490e-01
     0.40663  2.84360e-01
     0.40736  2.86153e-01
     0.40809  2.88910e-01
     0.40882  2.83416e-01
     0.40955  2.87365e-01
     0.41028  2.89625e-01
     0.41101  2.84373e-01
     0.41174  2.88696e-01
     0.41247  2.89288e-01
     0.41320  2.90554e-01
     0.41393  2.98986e-01
     0.41466  2.97509e-01
     0.41539  2.98688e-01
     0.41612  3.01857e-01
     0.41685  2.99080e-01
     0.41758  3.03740e-01
     0.41831  3.06338e-01
     0.41904  3.04096e-01
     0.41977  3.08965e-01
     0.42050  3.09486e-01
     0.42123  3.11853e-01
     0.42196  3.22321e-01
     0.42269  3.18113e-01
     0.42342  3.23255e-01
     0.42415  3.31109e-01
     0.42488  3.21864e-01
     0.42562  3.28971e-01
     0.42635  3.29462e-01
     0.42708  3.21081e-01
     0.42781  3.29828e-01
     0.42854  3.26862e-01
     0.42927  3.22479e-01
     0.43000  3.23068e-01
     0.43073  3.14863e-01
     0.43146  3.17909e-01
     0.43219  3.25013e-01
     0.43292  3.24085e-01
     0.43365  3.29095e-01
     0.43438  3.28816e-01
     0.43511  3.25182e-01
     0.43584  3.35110e-01
     0.43657  3.36147e-01
     0.43730  3.37338e-01
     0.43803  3.42119e-01
     0.43876  3.37905e-01
     0.43949  3.41262e-01
     0.44022  3.46151e-01
     0.44095  3.45814e-01
     0.44168  3.47751e-01
     0.44241  3.43875e-01
     0.44314  3.37529e-01
     0.44387  3.40720e-01
     0.44460  3.36068e-01
     0.44533  3.35000e-01
     0.44606  3.39693e-01
     0.44679  3.36442e-01
     0.44752  3.39046e-01
     0.44825  3.41644e-01
     0.44898  3.39668e-01
     0.44971  3.43931e-01
     0.45044  3.41448e-01
     0.45117  3.36984e-01
     0.45190  3.40964e-01
     0.45263  3.36923e-01
     0.45336  3.39817e-01
     0.45409  3.50272e-01
     0.45482  3.54940e-01
     0.45555  3.57570e-01
     0.45628  3.60689e-01
     0.45701  3.65514e-01
     0.45774  3.62438e-01
     0.45847  3.59446e-01
     0.45920  3.53635e-01
     0.45993  3.40335e-01
     0.46066  3.46600e-01
     0.46139  3.48981e-01
     0.46212  3.46830e-01
     0.46285  3.47284e-01
     0.46358  3.46775e-01
     0.46431  3.46518e-01
     0.46504  3.46709e-01
     0.46577  3.43509e-01
     0.46650  3.43375e-01
     0.46723  3.42521e-01
     0.46796  3.37212e-01
     0.46869  3.37784e-01
     0.46942  3.36486e-01
     0.47015  3.34624e-01
     0.47088  3.36507e-01
     0.47161  3.35844e-01
     0.47234  3.32972e-01
     0.47307  3.28956e-01
     0.47381  3.31862e-01
     0.47454  3.31576e-01
     0.47527  3.31579e-01
     0.47600  3.34124e-01
     0.47673  3.35485e-01
     0.47746  3.37245e-01
     0.47819  3.36103e-01
     0.47892  3.25752e-01
     0.47965  3.07831e-01
     0.48038  2.75076e-01
     0.48111  2.29043e-01
     0.48184  1.81588e-01
     0.48257  1.32918e-01
     0.48330  8.90323e-02
     0.48403  5.32353e-02
     0.48476  3.31508e-02
     0.48549  2.00129e-02
     0.48622  1.18319e-02
     0.48695  7.16810e-03
     0.48768  4.80097e-03
     0.48841  3.38655e-03
     0.48914  2.58417e-03
     0.48987  1.78250e-03
     0.49060  1.45121e-03
     0.49133  1.22393e-03
     0.49206  9.96831e-04
     0.49279  7.69152e-04
     0.49352  5.41624e-04
     0.49425  3.71689e-04
     0.49498  3.13107e-04
     0.49571  2.54039e-04
     0.49644  1.95163e-04
     0.49717  1.36303e-04
     0.49790  0.00000e+00
