# microns transmission
     0.67375  0.00000e+00
     0.67528  5.34788e-04
     0.67681  9.69448e-04
     0.67833  1.40460e-03
     0.67986  1.83937e-03
     0.68139  2.27277e-03
     0.68292  2.70668e-03
     0.68445  3.13970e-03
     0.68598  3.57148e-03
     0.68750  5.91394e-03
     0.68903  1.06291e-02
     0.69056  1.79688e-02
     0.69209  2.89128e-02
     0.69362  4.34301e-02
     0.69514  6.19060e-02
     0.69667  8.37039e-02
     0.69820  9.77442e-02
     0.69973  1.24200e-01
     0.70126  1.53643e-01
     0.70278  1.82979e-01
     0.70431  2.10548e-01
     0.70584  2.39829e-01
     0.70737  2.65697e-01
     0.70890  2.86007e-01
     0.71043  3.02413e-01
     0.71195  3.19416e-01
     0.71348  3.37758e-01
     0.71501  3.44569e-01
     0.71654  3.60243e-01
     0.71807  3.75263e-01
     0.71959  3.85591e-01
     0.72112  3.93710e-01
     0.72265  4.03945e-01
     0.72418  4.14857e-01
     0.72571  4.14789e-01
     0.72723  4.16335e-01
     0.72876  4.16486e-01
     0.73029  4.20399e-01
     0.73182  4.19125e-01
     0.73335  4.21582e-01
     0.73488  4.21689e-01
     0.73640  4.14799e-01
     0.73793  4.28913e-01
     0.73946  4.24018e-01
     0.74099  4.24563e-01
     0.74252  4.30505e-01
     0.74404  4.34684e-01
     0.74557  4.17227e-01
     0.74710  4.28569e-01
     0.74863  4.19444e-01
     0.75016  4.20257e-01
     0.75169  4.12396e-01
     0.75321  4.09074e-01
     0.75474  3.99545e-01
     0.75627  4.08727e-01
     0.75780  4.00081e-01
     0.75933  4.08670e-01
     0.76085  3.99063e-01
     0.76238  4.11403e-01
     0.76391  4.17237e-01
     0.76544  4.15265e-01
     0.76697  4.12774e-01
     0.76849  4.01437e-01
     0.77002  3.99194e-01
     0.77155  3.98157e-01
     0.77308  3.88617e-01
     0.77461  3.89633e-01
     0.77614  3.79918e-01
     0.77766  3.73550e-01
     0.77919  3.77178e-01
     0.78072  3.78131e-01
     0.78225  3.79753e-01
     0.78378  3.80793e-01
     0.78530  3.86685e-01
     0.78683  3.82229e-01
     0.78836  3.82758e-01
     0.78989  3.82784e-01
     0.79142  3.76272e-01
     0.79294  3.76924e-01
     0.79447  3.64717e-01
     0.79600  3.68705e-01
     0.79753  3.70857e-01
     0.79906  3.65121e-01
     0.80059  3.61138e-01
     0.80211  3.61493e-01
     0.80364  3.57883e-01
     0.80517  3.55532e-01
     0.80670  3.54070e-01
     0.80823  3.50308e-01
     0.80975  3.53597e-01
     0.81128  3.58022e-01
     0.81281  3.44998e-01
     0.81434  3.47909e-01
     0.81587  3.41619e-01
     0.81740  3.39753e-01
     0.81892  3.39108e-01
     0.82045  3.34802e-01
     0.82198  3.32736e-01
     0.82351  3.31309e-01
     0.82504  3.28224e-01
     0.82656  3.29865e-01
     0.82809  3.24768e-01
     0.82962  3.19041e-01
     0.83115  3.18744e-01
     0.83268  3.15659e-01
     0.83420  3.13805e-01
     0.83573  3.11880e-01
     0.83726  3.07087e-01
     0.83879  3.08482e-01
     0.84032  3.06835e-01
     0.84185  3.05740e-01
     0.84337  3.03921e-01
     0.84490  2.96603e-01
     0.84643  2.97497e-01
     0.84796  2.91812e-01
     0.84949  2.91186e-01
     0.85101  2.92474e-01
     0.85254  2.84349e-01
     0.85407  2.88984e-01
     0.85560  2.89035e-01
     0.85713  2.84020e-01
     0.85866  2.77608e-01
     0.86018  2.74981e-01
     0.86171  2.76245e-01
     0.86324  2.69749e-01
     0.86477  2.69586e-01
     0.86630  2.63705e-01
     0.86782  2.62365e-01
     0.86935  2.56785e-01
     0.87088  2.56608e-01
     0.87241  2.52639e-01
     0.87394  2.48787e-01
     0.87546  2.48691e-01
     0.87699  2.46234e-01
     0.87852  2.43244e-01
     0.88005  2.42624e-01
     0.88158  2.40486e-01
     0.88311  2.39277e-01
     0.88463  2.35911e-01
     0.88616  2.31734e-01
     0.88769  2.29266e-01
     0.88922  2.27398e-01
     0.89075  2.19068e-01
     0.89227  2.18979e-01
     0.89380  2.14639e-01
     0.89533  2.08242e-01
     0.89686  2.07758e-01
     0.89839  2.06392e-01
     0.89991  2.06045e-01
     0.90144  2.02768e-01
     0.90297  1.99910e-01
     0.90450  1.95769e-01
     0.90603  1.95550e-01
     0.90756  1.89934e-01
     0.90908  1.86558e-01
     0.91061  1.87809e-01
     0.91214  1.82495e-01
     0.91367  1.80885e-01
     0.91520  1.78383e-01
     0.91672  1.76710e-01
     0.91825  1.74979e-01
     0.91978  1.74052e-01
     0.92131  1.71827e-01
     0.92284  1.69039e-01
     0.92437  1.68353e-01
     0.92589  1.66658e-01
     0.92742  1.62976e-01
     0.92895  1.61247e-01
     0.93048  1.59427e-01
     0.93201  1.55786e-01
     0.93353  1.53557e-01
     0.93506  1.50405e-01
     0.93659  1.47584e-01
     0.93812  1.44565e-01
     0.93965  1.39942e-01
     0.94117  1.35728e-01
     0.94270  1.32131e-01
     0.94423  1.27593e-01
     0.94576  1.23216e-01
     0.94729  1.19666e-01
     0.94882  1.17915e-01
     0.95034  1.17011e-01
     0.95187  1.15280e-01
     0.95340  1.08552e-01
     0.95493  9.07153e-02
     0.95646  6.47448e-02
     0.95798  3.81351e-02
     0.95951  1.91520e-02
     0.96104  9.21882e-03
     0.96257  4.45310e-03
     0.96410  2.30969e-03
     0.96562  1.25613e-03
     0.96715  7.25745e-04
     0.96868  4.37297e-04
     0.97021  3.74293e-04
     0.97174  3.16992e-04
     0.97327  2.49315e-04
     0.97479  1.87750e-04
     0.97632  1.36809e-04
     0.97785  0.00000e+00
