# microns transmission
     0.86500  0.00000e+00
     0.86681  1.15935e-04
     0.86862  1.28652e-04
     0.87043  1.41439e-04
     0.87224  1.54476e-04
     0.87405  1.68844e-04
     0.87585  1.83524e-04
     0.87766  1.98507e-04
     0.87947  2.13796e-04
     0.88128  2.28980e-04
     0.88309  2.44283e-04
     0.88490  3.19304e-04
     0.88671  5.11220e-04
     0.88852  7.66858e-04
     0.89033  1.20339e-03
     0.89214  2.11868e-03
     0.89394  3.97377e-03
     0.89575  7.22302e-03
     0.89756  1.37026e-02
     0.89937  2.65849e-02
     0.90118  5.12289e-02
     0.90299  9.34618e-02
     0.90480  1.55520e-01
     0.90661  2.31027e-01
     0.90842  3.03102e-01
     0.91023  3.54142e-01
     0.91204  3.81264e-01
     0.91384  3.96074e-01
     0.91565  4.03104e-01
     0.91746  4.04244e-01
     0.91927  4.01419e-01
     0.92108  3.96845e-01
     0.92289  3.93477e-01
     0.92470  3.94444e-01
     0.92651  3.99398e-01
     0.92832  4.05496e-01
     0.93013  4.09274e-01
     0.93193  4.09666e-01
     0.93374  4.08166e-01
     0.93555  4.06993e-01
     0.93736  4.08391e-01
     0.93917  4.12659e-01
     0.94098  4.18151e-01
     0.94279  4.23039e-01
     0.94460  4.25321e-01
     0.94641  4.24507e-01
     0.94822  4.20570e-01
     0.95003  4.18042e-01
     0.95183  4.17297e-01
     0.95364  4.19233e-01
     0.95545  4.22360e-01
     0.95726  4.24881e-01
     0.95907  4.25084e-01
     0.96088  4.22893e-01
     0.96269  4.18992e-01
     0.96450  4.16143e-01
     0.96631  4.16101e-01
     0.96812  4.19305e-01
     0.96992  4.25199e-01
     0.97173  4.30452e-01
     0.97354  4.34361e-01
     0.97535  4.36204e-01
     0.97716  4.37154e-01
     0.97897  4.38143e-01
     0.98078  4.40493e-01
     0.98259  4.44489e-01
     0.98440  4.50400e-01
     0.98621  4.55436e-01
     0.98802  4.57703e-01
     0.98982  4.55981e-01
     0.99163  4.51807e-01
     0.99344  4.47403e-01
     0.99525  4.43724e-01
     0.99706  4.42575e-01
     0.99887  4.43678e-01
     1.00068  4.45651e-01
     1.00249  4.48703e-01
     1.00430  4.49638e-01
     1.00611  4.47395e-01
     1.00791  4.43522e-01
     1.00972  4.40094e-01
     1.01153  4.36896e-01
     1.01334  4.35847e-01
     1.01515  4.37518e-01
     1.01696  4.40719e-01
     1.01877  4.43922e-01
     1.02058  4.46612e-01
     1.02239  4.48531e-01
     1.02420  4.49041e-01
     1.02601  4.49952e-01
     1.02781  4.52021e-01
     1.02962  4.55794e-01
     1.03143  4.61936e-01
     1.03324  4.69288e-01
     1.03505  4.76172e-01
     1.03686  4.81218e-01
     1.03867  4.84214e-01
     1.04048  4.84442e-01
     1.04229  4.82006e-01
     1.04410  4.79860e-01
     1.04590  4.77803e-01
     1.04771  4.78031e-01
     1.04952  4.79880e-01
     1.05133  4.81890e-01
     1.05314  4.83653e-01
     1.05495  4.84638e-01
     1.05676  4.84223e-01
     1.05857  4.82578e-01
     1.06038  4.80803e-01
     1.06219  4.79017e-01
     1.06399  4.78079e-01
     1.06580  4.78024e-01
     1.06761  4.79025e-01
     1.06942  4.80090e-01
     1.07123  4.80266e-01
     1.07304  4.79891e-01
     1.07485  4.78853e-01
     1.07666  4.78091e-01
     1.07847  4.78174e-01
     1.08028  4.78351e-01
     1.08209  4.80366e-01
     1.08389  4.83293e-01
     1.08570  4.87020e-01
     1.08751  4.90761e-01
     1.08932  4.93124e-01
     1.09113  4.94417e-01
     1.09294  4.94764e-01
     1.09475  4.94512e-01
     1.09656  4.93944e-01
     1.09837  4.93333e-01
     1.10018  4.93039e-01
     1.10198  4.92824e-01
     1.10379  4.92081e-01
     1.10560  4.90632e-01
     1.10741  4.88803e-01
     1.10922  4.85775e-01
     1.11103  4.82445e-01
     1.11284  4.79332e-01
     1.11465  4.76730e-01
     1.11646  4.74615e-01
     1.11827  4.73326e-01
     1.12008  4.73017e-01
     1.12188  4.74044e-01
     1.12369  4.75684e-01
     1.12550  4.77892e-01
     1.12731  4.80208e-01
     1.12912  4.82893e-01
     1.13093  4.85512e-01
     1.13274  4.87396e-01
     1.13455  4.88761e-01
     1.13636  4.90080e-01
     1.13817  4.91652e-01
     1.13997  4.93250e-01
     1.14178  4.94274e-01
     1.14359  4.95603e-01
     1.14540  4.97678e-01
     1.14721  4.99281e-01
     1.14902  5.00455e-01
     1.15083  5.01081e-01
     1.15264  4.99756e-01
     1.15445  4.97508e-01
     1.15626  4.94469e-01
     1.15807  4.91372e-01
     1.15987  4.89211e-01
     1.16168  4.88221e-01
     1.16349  4.89280e-01
     1.16530  4.91515e-01
     1.16711  4.94384e-01
     1.16892  4.98410e-01
     1.17073  5.02172e-01
     1.17254  5.05693e-01
     1.17435  5.08638e-01
     1.17616  5.11060e-01
     1.17796  5.13123e-01
     1.17977  5.12406e-01
     1.18158  5.08144e-01
     1.18339  5.00087e-01
     1.18520  4.89972e-01
     1.18701  4.82032e-01
     1.18882  4.80368e-01
     1.19063  4.88566e-01
     1.19244  5.04688e-01
     1.19425  5.07922e-01
     1.19606  4.49871e-01
     1.19786  3.30074e-01
     1.19967  2.08284e-01
     1.20148  1.20636e-01
     1.20329  6.86848e-02
     1.20510  3.97639e-02
     1.20691  2.37955e-02
     1.20872  1.46128e-02
     1.21053  9.14530e-03
     1.21234  5.86664e-03
     1.21415  3.69041e-03
     1.21595  2.35142e-03
     1.21776  1.45937e-03
     1.21957  9.61753e-04
     1.22138  6.34992e-04
     1.22319  3.55662e-04
     1.22500  0.00000e+00
