# microns transmission
     1.36637  0.00000e+00
     1.36815  2.37458e-04
     1.36993  3.10324e-04
     1.37171  4.27310e-04
     1.37349  5.60133e-04
     1.37527  7.16183e-04
     1.37705  1.02021e-03
     1.37883  1.54032e-03
     1.38061  2.10360e-03
     1.38239  2.74196e-03
     1.38417  4.04835e-03
     1.38595  6.19157e-03
     1.38773  9.62933e-03
     1.38951  1.51632e-02
     1.39128  2.46508e-02
     1.39306  4.27324e-02
     1.39484  7.49113e-02
     1.39662  1.25438e-01
     1.39840  2.04585e-01
     1.40018  3.10023e-01
     1.40196  3.96751e-01
     1.40374  4.57741e-01
     1.40552  4.88822e-01
     1.40730  4.99635e-01
     1.40908  5.02001e-01
     1.41086  5.01551e-01
     1.41264  5.00764e-01
     1.41442  5.02163e-01
     1.41620  5.05076e-01
     1.41798  5.10257e-01
     1.41975  5.17241e-01
     1.42153  5.24855e-01
     1.42331  5.32364e-01
     1.42509  5.38588e-01
     1.42687  5.43107e-01
     1.42865  5.46341e-01
     1.43043  5.47141e-01
     1.43221  5.47260e-01
     1.43399  5.47557e-01
     1.43577  5.47759e-01
     1.43755  5.48478e-01
     1.43933  5.49423e-01
     1.44111  5.49969e-01
     1.44289  5.50393e-01
     1.44467  5.50659e-01
     1.44645  5.50791e-01
     1.44822  5.49232e-01
     1.45000  5.47180e-01
     1.45178  5.44582e-01
     1.45356  5.42611e-01
     1.45534  5.40861e-01
     1.45712  5.39486e-01
     1.45890  5.38745e-01
     1.46068  5.39583e-01
     1.46246  5.41420e-01
     1.46424  5.43633e-01
     1.46602  5.46111e-01
     1.46780  5.48473e-01
     1.46958  5.50071e-01
     1.47136  5.50093e-01
     1.47314  5.49341e-01
     1.47492  5.47567e-01
     1.47669  5.44370e-01
     1.47847  5.39940e-01
     1.48025  5.35771e-01
     1.48203  5.32097e-01
     1.48381  5.28318e-01
     1.48559  5.26170e-01
     1.48737  5.25157e-01
     1.48915  5.25033e-01
     1.49093  5.26286e-01
     1.49271  5.28078e-01
     1.49449  5.30644e-01
     1.49627  5.33817e-01
     1.49805  5.37317e-01
     1.49983  5.40089e-01
     1.50161  5.42280e-01
     1.50339  5.44185e-01
     1.50516  5.45232e-01
     1.50694  5.46215e-01
     1.50872  5.46718e-01
     1.51050  5.46966e-01
     1.51228  5.46700e-01
     1.51406  5.45887e-01
     1.51584  5.44789e-01
     1.51762  5.42466e-01
     1.51940  5.39808e-01
     1.52118  5.37258e-01
     1.52296  5.33968e-01
     1.52474  5.30023e-01
     1.52652  5.25820e-01
     1.52830  5.21513e-01
     1.53008  5.17579e-01
     1.53186  5.14053e-01
     1.53364  5.11470e-01
     1.53541  5.09864e-01
     1.53719  5.09516e-01
     1.53897  5.09915e-01
     1.54075  5.11301e-01
     1.54253  5.13392e-01
     1.54431  5.15700e-01
     1.54609  5.18277e-01
     1.54787  5.21060e-01
     1.54965  5.22928e-01
     1.55143  5.24102e-01
     1.55321  5.24734e-01
     1.55499  5.25042e-01
     1.55677  5.25042e-01
     1.55855  5.24375e-01
     1.56033  5.24011e-01
     1.56211  5.23289e-01
     1.56388  5.23074e-01
     1.56566  5.22710e-01
     1.56744  5.23107e-01
     1.56922  5.23449e-01
     1.57100  5.23056e-01
     1.57278  5.23227e-01
     1.57456  5.23009e-01
     1.57634  5.22212e-01
     1.57812  5.21006e-01
     1.57990  5.19775e-01
     1.58168  5.18746e-01
     1.58346  5.17514e-01
     1.58524  5.16149e-01
     1.58702  5.15116e-01
     1.58880  5.13889e-01
     1.59058  5.13294e-01
     1.59235  5.12302e-01
     1.59413  5.11591e-01
     1.59591  5.10403e-01
     1.59769  5.08672e-01
     1.59947  5.06773e-01
     1.60125  5.04446e-01
     1.60303  5.01561e-01
     1.60481  4.98509e-01
     1.60659  4.96006e-01
     1.60837  4.93876e-01
     1.61015  4.92104e-01
     1.61193  4.90770e-01
     1.61371  4.90236e-01
     1.61549  4.90360e-01
     1.61727  4.90946e-01
     1.61905  4.91635e-01
     1.62082  4.92087e-01
     1.62260  4.92202e-01
     1.62438  4.91285e-01
     1.62616  4.89277e-01
     1.62794  4.86174e-01
     1.62972  4.82494e-01
     1.63150  4.77796e-01
     1.63328  4.72638e-01
     1.63506  4.67670e-01
     1.63684  4.62709e-01
     1.63862  4.59259e-01
     1.64040  4.58281e-01
     1.64218  4.58798e-01
     1.64396  4.60957e-01
     1.64574  4.64340e-01
     1.64752  4.68676e-01
     1.64929  4.73053e-01
     1.65107  4.76463e-01
     1.65285  4.77668e-01
     1.65463  4.77073e-01
     1.65641  4.75120e-01
     1.65819  4.70897e-01
     1.65997  4.66696e-01
     1.66175  4.60618e-01
     1.66353  4.55903e-01
     1.66531  4.52965e-01
     1.66709  4.51110e-01
     1.66887  4.49231e-01
     1.67065  4.47744e-01
     1.67243  4.44472e-01
     1.67421  4.38184e-01
     1.67599  4.29198e-01
     1.67776  4.19404e-01
     1.67954  4.10889e-01
     1.68132  4.02805e-01
     1.68310  3.88572e-01
     1.68488  3.56613e-01
     1.68666  2.93863e-01
     1.68844  2.02208e-01
     1.69022  1.20813e-01
     1.69200  6.78844e-02
     1.69378  3.72234e-02
     1.69556  2.05619e-02
     1.69734  1.17041e-02
     1.69912  6.92066e-03
     1.70090  4.20900e-03
     1.70268  2.70598e-03
     1.70446  1.71718e-03
     1.70623  1.25775e-03
     1.70801  8.40970e-04
     1.70979  5.16801e-04
     1.71157  3.36623e-04
     1.71335  2.80136e-04
     1.71513  2.25046e-04
     1.71691  1.18011e-04
     1.71869  1.17002e-04
     1.72047  0.00000e+00
